global_signal	global_signal_derivative1	global_signal_power2	global_signal_derivative1_power2	csf	csf_derivative1	csf_derivative1_power2	csf_power2	white_matter	white_matter_derivative1	white_matter_derivative1_power2	white_matter_power2	csf_wm	tcompcor	std_dvars	dvars	framewise_displacement	rmsd	t_comp_cor_00	t_comp_cor_01	t_comp_cor_02	a_comp_cor_00	a_comp_cor_01	a_comp_cor_02	a_comp_cor_03	a_comp_cor_04	a_comp_cor_05	a_comp_cor_06	a_comp_cor_07	a_comp_cor_08	a_comp_cor_09	a_comp_cor_10	a_comp_cor_11	a_comp_cor_12	a_comp_cor_13	a_comp_cor_14	a_comp_cor_15	a_comp_cor_16	a_comp_cor_17	a_comp_cor_18	a_comp_cor_19	a_comp_cor_20	a_comp_cor_21	a_comp_cor_22	a_comp_cor_23	a_comp_cor_24	a_comp_cor_25	a_comp_cor_26	a_comp_cor_27	a_comp_cor_28	a_comp_cor_29	a_comp_cor_30	a_comp_cor_31	a_comp_cor_32	a_comp_cor_33	a_comp_cor_34	a_comp_cor_35	a_comp_cor_36	a_comp_cor_37	a_comp_cor_38	a_comp_cor_39	a_comp_cor_40	a_comp_cor_41	a_comp_cor_42	a_comp_cor_43	a_comp_cor_44	a_comp_cor_45	a_comp_cor_46	a_comp_cor_47	a_comp_cor_48	a_comp_cor_49	a_comp_cor_50	a_comp_cor_51	a_comp_cor_52	a_comp_cor_53	a_comp_cor_54	a_comp_cor_55	a_comp_cor_56	a_comp_cor_57	a_comp_cor_58	a_comp_cor_59	a_comp_cor_60	a_comp_cor_61	a_comp_cor_62	a_comp_cor_63	a_comp_cor_64	a_comp_cor_65	a_comp_cor_66	a_comp_cor_67	a_comp_cor_68	a_comp_cor_69	a_comp_cor_70	a_comp_cor_71	a_comp_cor_72	a_comp_cor_73	a_comp_cor_74	a_comp_cor_75	a_comp_cor_76	a_comp_cor_77	a_comp_cor_78	a_comp_cor_79	a_comp_cor_80	a_comp_cor_81	a_comp_cor_82	a_comp_cor_83	a_comp_cor_84	a_comp_cor_85	a_comp_cor_86	a_comp_cor_87	a_comp_cor_88	a_comp_cor_89	a_comp_cor_90	a_comp_cor_91	a_comp_cor_92	a_comp_cor_93	a_comp_cor_94	a_comp_cor_95	a_comp_cor_96	a_comp_cor_97	a_comp_cor_98	a_comp_cor_99	a_comp_cor_100	a_comp_cor_101	a_comp_cor_102	a_comp_cor_103	a_comp_cor_104	a_comp_cor_105	a_comp_cor_106	a_comp_cor_107	a_comp_cor_108	a_comp_cor_109	a_comp_cor_110	a_comp_cor_111	a_comp_cor_112	a_comp_cor_113	a_comp_cor_114	a_comp_cor_115	a_comp_cor_116	a_comp_cor_117	a_comp_cor_118	a_comp_cor_119	a_comp_cor_120	a_comp_cor_121	a_comp_cor_122	a_comp_cor_123	a_comp_cor_124	a_comp_cor_125	a_comp_cor_126	a_comp_cor_127	a_comp_cor_128	a_comp_cor_129	a_comp_cor_130	a_comp_cor_131	a_comp_cor_132	a_comp_cor_133	a_comp_cor_134	a_comp_cor_135	a_comp_cor_136	a_comp_cor_137	a_comp_cor_138	a_comp_cor_139	a_comp_cor_140	a_comp_cor_141	a_comp_cor_142	a_comp_cor_143	a_comp_cor_144	a_comp_cor_145	a_comp_cor_146	a_comp_cor_147	a_comp_cor_148	a_comp_cor_149	a_comp_cor_150	a_comp_cor_151	a_comp_cor_152	a_comp_cor_153	a_comp_cor_154	cosine00	cosine01	cosine02	cosine03	cosine04	non_steady_state_outlier00	non_steady_state_outlier01	non_steady_state_outlier02	trans_x	trans_x_derivative1	trans_x_power2	trans_x_derivative1_power2	trans_y	trans_y_derivative1	trans_y_power2	trans_y_derivative1_power2	trans_z	trans_z_derivative1	trans_z_power2	trans_z_derivative1_power2	rot_x	rot_x_derivative1	rot_x_power2	rot_x_derivative1_power2	rot_y	rot_y_derivative1	rot_y_derivative1_power2	rot_y_power2	rot_z	rot_z_derivative1	rot_z_derivative1_power2	rot_z_power2	motion_outlier00	motion_outlier01
5668.41513717665	n/a	32130930.16737338	n/a	9936.559141321617	n/a	n/a	98735207.5689822	5274.6005970117185	n/a	n/a	27821411.457996376	5303.052436117596	5546.596515616421	n/a	n/a	n/a	n/a	0.0	0.0	0.0	0.0	0.0	0.0	0.0	0.0	0.0	0.0	0.0	0.0	0.0	0.0	0.0	0.0	0.0	0.0	0.0	0.0	0.0	0.0	0.0	0.0	0.0	0.0	0.0	0.0	0.0	0.0	0.0	0.0	0.0	0.0	0.0	0.0	0.0	0.0	0.0	0.0	0.0	0.0	0.0	0.0	0.0	0.0	0.0	0.0	0.0	0.0	0.0	0.0	0.0	0.0	0.0	0.0	0.0	0.0	0.0	0.0	0.0	0.0	0.0	0.0	0.0	0.0	0.0	0.0	0.0	0.0	0.0	0.0	0.0	0.0	0.0	0.0	0.0	0.0	0.0	0.0	0.0	0.0	0.0	0.0	0.0	0.0	0.0	0.0	0.0	0.0	0.0	0.0	0.0	0.0	0.0	0.0	0.0	0.0	0.0	0.0	0.0	0.0	0.0	0.0	0.0	0.0	0.0	0.0	0.0	0.0	0.0	0.0	0.0	0.0	0.0	0.0	0.0	0.0	0.0	0.0	0.0	0.0	0.0	0.0	0.0	0.0	0.0	0.0	0.0	0.0	0.0	0.0	0.0	0.0	0.0	0.0	0.0	0.0	0.0	0.0	0.0	0.0	0.0	0.0	0.0	0.0	0.0	0.0	0.0	0.0	0.0	0.0	0.0	0.0	0.0	0.0	0.0	0.0	0.0	0.0	0.0	0.0	0.0	1.0	0.0	0.0	-0.062320000000000014	n/a	0.0038837824000000007	n/a	-0.232414	n/a	0.05401626739599999	n/a	-0.207377	n/a	0.043005220129	n/a	-0.000624331	n/a	3.8978919756100003e-07	n/a	0.000824015	n/a	n/a	6.79000720225e-07	-0.0006803260000000001	n/a	n/a	4.6284346627600013e-07	0.0	0.0
4678.542944890245	-989.8721922864052	21888764.087182287	979846.957061894	5451.380785627799	-4485.178355693818	20116824.8823843	29717552.46991196	4764.156773580648	-510.4438234310701	260552.89687892946	22697189.76325437	4757.900425531092	4092.991194455884	16.425192000000006	240.154114	0.5830662050000001	0.31452800000000003	0.0	0.0	0.0	0.0	0.0	0.0	0.0	0.0	0.0	0.0	0.0	0.0	0.0	0.0	0.0	0.0	0.0	0.0	0.0	0.0	0.0	0.0	0.0	0.0	0.0	0.0	0.0	0.0	0.0	0.0	0.0	0.0	0.0	0.0	0.0	0.0	0.0	0.0	0.0	0.0	0.0	0.0	0.0	0.0	0.0	0.0	0.0	0.0	0.0	0.0	0.0	0.0	0.0	0.0	0.0	0.0	0.0	0.0	0.0	0.0	0.0	0.0	0.0	0.0	0.0	0.0	0.0	0.0	0.0	0.0	0.0	0.0	0.0	0.0	0.0	0.0	0.0	0.0	0.0	0.0	0.0	0.0	0.0	0.0	0.0	0.0	0.0	0.0	0.0	0.0	0.0	0.0	0.0	0.0	0.0	0.0	0.0	0.0	0.0	0.0	0.0	0.0	0.0	0.0	0.0	0.0	0.0	0.0	0.0	0.0	0.0	0.0	0.0	0.0	0.0	0.0	0.0	0.0	0.0	0.0	0.0	0.0	0.0	0.0	0.0	0.0	0.0	0.0	0.0	0.0	0.0	0.0	0.0	0.0	0.0	0.0	0.0	0.0	0.0	0.0	0.0	0.0	0.0	0.0	0.0	0.0	0.0	0.0	0.0	0.0	0.0	0.0	0.0	0.0	0.0	0.0	0.0	0.0	0.0	0.0	0.0	0.0	0.0	0.0	1.0	0.0	-0.00258386	0.059736140000000014	6.6763324995999985e-06	0.0035684064220996006	-0.00663056	0.22578344	4.39643259136e-05	0.05097816177823359	-0.0127632	0.1946138	0.00016289927424000005	0.03787453115044	-1.79725e-05	0.0006063584999999999	3.2301075625000004e-10	3.676706305222501e-07	0.000252906	-0.000571109	3.26165489881e-07	6.396144483600001e-08	0.000200863	0.0008811890000000002	7.764940537210002e-07	4.0345944769e-08	1.0	0.0
4567.99638462916	-110.54656026108479	20866590.96998508	12220.54198555765	4910.423773223703	-540.9570124040956	292634.48926916486	24112261.63264051	4735.967861832369	-28.188911748279683	794.6147455523001	22429391.588309053	4725.897727122162	3899.1372643034615	2.351912	34.387512	0.1830619005	0.12334	0.0	0.0	0.0	0.0	0.0	0.0	0.0	0.0	0.0	0.0	0.0	0.0	0.0	0.0	0.0	0.0	0.0	0.0	0.0	0.0	0.0	0.0	0.0	0.0	0.0	0.0	0.0	0.0	0.0	0.0	0.0	0.0	0.0	0.0	0.0	0.0	0.0	0.0	0.0	0.0	0.0	0.0	0.0	0.0	0.0	0.0	0.0	0.0	0.0	0.0	0.0	0.0	0.0	0.0	0.0	0.0	0.0	0.0	0.0	0.0	0.0	0.0	0.0	0.0	0.0	0.0	0.0	0.0	0.0	0.0	0.0	0.0	0.0	0.0	0.0	0.0	0.0	0.0	0.0	0.0	0.0	0.0	0.0	0.0	0.0	0.0	0.0	0.0	0.0	0.0	0.0	0.0	0.0	0.0	0.0	0.0	0.0	0.0	0.0	0.0	0.0	0.0	0.0	0.0	0.0	0.0	0.0	0.0	0.0	0.0	0.0	0.0	0.0	0.0	0.0	0.0	0.0	0.0	0.0	0.0	0.0	0.0	0.0	0.0	0.0	0.0	0.0	0.0	0.0	0.0	0.0	0.0	0.0	0.0	0.0	0.0	0.0	0.0	0.0	0.0	0.0	0.0	0.0	0.0	0.0	0.0	0.0	0.0	0.0	0.0	0.0	0.0	0.0	0.0	0.0	0.0	0.0	0.0	0.0	0.0	0.0	0.0	0.0	0.0	0.0	1.0	0.00173409	0.00431795	3.0070681281e-06	1.86446922025e-05	0.0387476	0.04537816	0.0015013765057599999	0.0020591774049856	0.100089	0.1128522	0.010017807921	0.01273561904484	-0.00016805099999999998	-0.00015007849999999998	2.8241138600999994e-08	2.2523556162249996e-08	-7.287310000000001e-06	-0.00026019331000000004	6.770055856875608e-08	5.3104887036100016e-11	0.000200863	0.0	0.0	4.0345944769e-08	0.0	1.0
4540.117697473487	-27.878687155673102	20612668.70691196	777.2211975238927	4822.6297449740505	-87.7940282496529	7707.791396300853	23257757.657108475	4735.063447487279	-0.9044143450901174	0.8179653076047858	22420825.851730112	4723.7621941194175	3810.3462262361536	1.036057	15.148275	0.0912674245	0.0410135	0.0754924409	-0.008544090899999999	0.079815816	-0.0523876886	0.11640366029999999	0.03351653	-0.0025712179999999997	-0.0723442812	0.0627676793	0.1772977572	-0.027425960899999997	-0.0375736016	0.09077633269999999	-0.050886716900000004	0.0031857419	-0.0510704582	0.19002266850000002	-0.0285326968	0.1058335299	-0.019475883700000002	0.04837548480000002	-0.0083875789	0.0324871161	-0.0206854967	0.0105394251	-0.016805618300000002	0.0388895914	-0.0580667343	0.0472606208	-0.0332743302	0.0570560388	-0.0193547477	0.1402084139	-0.1369093857	0.042892913399999996	-0.0021812862	0.046779588600000005	-0.09545131109999999	0.1101589419	-0.0773520513	0.0993791948	-0.0470889422	0.0063752899	-0.0661566544	-0.0895824392	0.0956754128	-0.0038850815	-0.055520601100000004	0.0969006914	-0.0749311537	0.0100503434	0.016005533	-0.0088856749	-0.042214344800000005	-0.11888283039999999	0.0447315973	-0.0657462393	-0.011186557199999999	-0.054622798099999995	0.0380684955	-0.022495602599999998	-0.0799780075	0.011358116000000001	0.1154875575	-0.0405036537	-0.04575097	-0.027551551400000002	0.0861413548	0.07720334429999999	-0.0034711488	-0.0597341575	-0.0272374952	0.052411482599999996	0.0470534092	-0.1078019861	-0.0212772768	-0.008507647	-0.0058337521	0.0681575757	0.0070428539	0.020943653700000002	-0.0566556572	-0.0420265504	0.0548948004	0.1685105511	-0.043401595300000005	0.0466670585	0.10100814179999999	-0.019326316899999998	-0.0090444865	0.0336298837	-0.0015300326000000002	0.05968654280000001	-0.2177651439	0.0668262059	-0.0374177361	0.0201920328	-0.0109290828	0.023577144300000002	-0.0063504773999999995	0.0594887167	-0.0028369681	0.0795192346	-0.0422830247	0.039323312	-0.013795365700000001	0.0793679463	-0.0016518279000000001	0.0787596745	-0.1375730439	0.0291527639	-0.0478329444	0.1547235274	-0.042824388600000006	0.046239004199999996	-0.0778205346	0.0356649952	-0.083108121	0.0918927816	-0.0622421436	0.06286843219999999	-0.029753312999999997	-0.0083035704	-0.0365811763	0.1116220741	-0.0878018536	-0.0078279816	0.029145082000000006	0.0224659007	-0.006245345699999999	-0.0253409103	-0.0193545349	0.1491268198	-0.027909750299999998	-0.0503853466	0.026447013	0.0736177272	-0.045817032699999996	-0.0400353742	0.0046685454	0.0160687005	0.04988363	-0.1058565242	0.0626528549	0.0519443347	0.06453558820000001	-0.0712314949	-0.0185204492	-0.0020829666	0.060458210199999994	0.0378427817	-0.0064076901	-0.036417075099999995	-0.0733118744	0.043079023200000004	0.1486794044	-0.0233044623	-0.0342774277	0.09491342359999999	0.0949062958	0.0948944166	0.0948777865	0.0948564063	0.0	0.0	0.0	-0.00242085	-0.00415494	5.8605147225e-06	1.72635264036e-05	0.021507	-0.017240600000000002	0.0004625510489999999	0.0002972382883600001	0.126419	0.02633000000000001	0.015981763561	0.0006932689000000003	0.000366382	0.0005344330000000001	1.3423576992399994e-07	2.8561863148899995e-07	-0.000343692	-0.00033640468999999995	1.1316811545399609e-07	1.1812419086400002e-07	0.000200863	0.0	0.0	4.0345944769e-08	0.0	0.0
4533.634643057524	-6.4830544159631245	20553843.076731324	42.02999456033897	4816.980807499452	-5.6489374745988234	31.91049459192695	23203304.09981807	4731.821963754215	-3.2414837330634327	10.507216791714846	22390139.0966668	4720.910514982705	3801.646709256828	0.800726	11.707479	0.06996385999999999	0.0450751	0.0719004117	-0.023002307200000002	0.0860419025	0.054811355199999995	0.0595151934	-0.0487273155	-0.0589788999	-0.0190794857	0.0485669277	0.1567641139	-0.08270035	0.0166504103	-0.0137991827	0.0619727546	0.024107877799999997	-0.0197689439	0.17283736019999998	-0.025555416299999998	0.1348977202	-0.1480943731	0.09542238609999999	-0.0440454921	0.03739812	0.0773096517	0.0735820014	-0.0192306947	0.0238440144	-0.0457107721	0.0241827798	-0.0124935062	0.0157816278	-0.0186877958	0.1043648695	-0.0739703225	-0.0130510412	0.0028719526000000003	0.0361408151	-0.1548518529	0.064391452	-0.0506818687	-0.0166630007	-0.035638031	0.0173191816	-0.0878866609	-0.049084899800000005	-0.039564687200000004	-0.017401792	0.025359768900000003	0.10225946039999999	0.0599810014	0.2093648216	0.0685249445	0.0157473716	-0.0213842235	0.07150068450000001	-0.0442997193	-0.1279660863	0.1651524748	-0.0130379617	-0.079152555	0.0845945266	-0.059113232	0.0273521299	-0.0315429099	0.09650556199999999	-0.025205615299999998	0.034768844300000004	0.0009936407	-0.0011900376	-0.0122061375	-0.0483541275	0.0249234423	-0.0238121632	-0.0395534541	-0.0484012221	-0.060020413700000004	0.0041728899	0.0324898707	0.010906444	-0.12111883289999999	0.0245673233	0.07673328559999999	0.0339563184	-0.1172449167	0.1574899501	-0.078222755	-0.0020755584	-0.005383644	-0.064775292	0.024781894199999998	-0.0127246801	0.0459585208	-0.0328169956	-0.21982606559999998	-0.0059225695	-0.11857565	-0.0023854808	0.0194403803	0.11259468619999999	-0.024690722000000002	0.11738267599999999	-0.0040475745	0.0723972067	-0.060006542300000014	-0.0094193699	0.0392434438	0.0741620034	0.0426824677	0.029664033	-0.011608233700000001	0.0373089683	0.007184179399999998	0.18081990960000002	-0.0320024639	0.0071143488	0.0353556244	-0.011485753799999998	-0.0362694367	0.0069191281000000006	0.032243210099999996	0.0893146563	-0.0338766718	0.0187425045	-0.2396794351	0.1033146135	-0.056701375199999994	0.0092449462	-0.142602569	0.0563860475	0.08602939039999999	0.09790060880000001	-0.0418857553	-0.016781503200000002	0.0066416949	0.0575366141	-0.095859591	0.05865239	0.026929876800000002	-0.049030590199999995	-0.0210152615	-0.0892857153	-0.079149236	0.0641150268	-0.0770761194	0.030065937999999997	0.023812655800000002	0.0332876102	0.0588874148	0.0324872125	-0.012339649	0.028086154199999998	-0.0015522725	-0.022983540499999996	-0.0769277174	0.0362298483	0.0074751683	0.12378283289999999	0.0572456258	0.0948944166	0.09483027720000001	0.09472341039999999	0.09457386429999999	0.0943817063	0.0	0.0	0.0	-0.00372343	-0.0013025799999999998	1.38639309649e-05	1.6967146563999997e-06	0.0319522	0.010445200000000002	0.00102094308484	0.00010910220304000004	0.165102	0.038683	0.027258670404	0.0014963744889999993	3.53754e-05	-0.00033100659999999994	1.25141892516e-09	1.0956536924355996e-07	-0.000284037	5.965499999999998e-05	3.558719024999998e-09	8.0677017369e-08	0.000200863	0.0	0.0	4.0345944769e-08	0.0	0.0
4524.2751533461105	-9.359489711413516	20469065.66318497	87.60004765805547	4790.968095421791	-26.01271207766058	676.6611896352688	22953375.291349504	4727.5837603847085	-4.238203369506664	17.962367801297642	22350048.21145322	4717.960906640625	3754.910593381312	0.878518	12.844882	0.032596165	0.0163082	0.027496885800000002	-0.0028275431	0.0664769155	0.07750712280000001	0.0579221459	-0.0012556858	0.0336872456	0.0220655125	-0.0711504264	0.08591627130000001	-0.0398784638	-0.0142353483	-0.0326576303	-0.0807748239	0.0256186995	0.1037458518	0.10881803539999996	0.0377584108	-0.1341292688	-0.1285651651	0.1462612317	-0.0681832064	-0.1041563306	0.0044877669	0.030032621000000002	0.1015825826	0.0584101354	0.0194913251	-0.0193442255	0.0234590056	-0.0366424004	-0.0073440211	0.059961989	0.0207738903	0.115745037	-0.0440545226	0.0395870241	-0.029697638300000002	0.0220239014	0.07931368009999999	-0.0132274727	-0.0357860184	0.0890209052	-0.0549656883	0.0041002555	0.0047632913	-0.0261225422	0.0856230326	-0.0618826683	-0.1225467842	0.0100325879	0.0472844696	-0.021092166699999998	-0.0179187088	0.0580585683	-0.0176952897	-0.0790566671	-0.0703512401	-0.028145027799999996	-0.0346606078	-0.0772045571	0.0170380182	-0.0321364654	-0.0824876583	0.0008989442	-0.104522345	-0.0018852647	0.0131680257	-0.046846993899999995	0.0042290682	-0.0085148087	0.0717405819	-0.0552786591	0.057870288	-0.0752031758	-0.0279564811	-0.1402975917	-0.0183113828	0.0537752619	-0.024096331600000003	-0.0535707575	0.045894991399999994	0.0457885521	0.0538170648	0.084730501	-0.04869671230000002	0.0179179722	-0.029043781499999997	0.109001372	-0.018205077099999998	0.0040450877	-0.11437703519999999	-0.0074044858	-0.0918527996	-0.0518819688	-0.1058883092	-0.0805402793	0.1945405529	-0.0787407282	-0.022881108799999997	0.028547590499999997	0.11121172789999999	-0.0670364496	-0.0020034655	-0.0485306761	0.0583597629	0.030744840699999998	0.0340486562	-0.0022117055999999998	-0.08395826519999999	-0.0178992349	-0.0028108153000000005	-0.0071857087	-0.046170539100000005	-0.0140595338	0.0588559088	0.014275733899999999	0.1011435827	0.0512644858	0.0082046067	0.0523135578	0.0669877898	0.0354587501	-0.0490274361	-0.0595153426	-0.033208982000000005	-0.1774509364	-0.017706825500000002	0.0692531678	-0.0570424939	0.012733429	-0.05972001480000001	0.025867579300000002	-0.0180905446	0.036818813799999996	0.0612766805	-0.026761116600000003	-0.0438265717	0.1254894695	0.0652562952	0.028863791899999998	-0.0667777796	0.0398604698	-0.0273212018	0.0196342996	0.061247818499999995	-0.0371827408	0.0761623914	0.0986689825	0.0694064548	-0.10472009869999999	0.031261151	0.016395068	0.0237254512	-0.04462939900000002	0.0235589557	0.0246419293	-0.0028527242999999997	0.0948564063	0.0946783009	0.0943817063	0.09396699359999999	0.0934346818	0.0	0.0	0.0	-0.006651399999999999	-0.00292797	4.4241121959999986e-05	8.573008320899997e-06	0.0223734	-0.009578799999999998	0.00050056902756	9.175340943999996e-05	0.156552	-0.008550000000000002	0.024508528704	7.310250000000004e-05	3.82796e-05	2.904199999999998e-06	1.46532777616e-09	8.434377639999991e-12	-0.000216352	6.7685e-05	4.581259225e-09	4.6808187904000004e-08	4.06643e-05	-0.00016019869999999998	2.5663623481689995e-08	1.6535852944899994e-09	0.0	0.0
4517.673562424176	-6.6015909219340765	20409374.41662635	43.5810027005624	4736.464698693969	-54.503396727822285	2970.6202548703886	22434097.841974147	4720.469152543453	-7.114607841255747	50.61764473485776	22282829.020114306	4709.2154628333	3678.1546315821424	0.8646479999999999	12.642085	0.058664955	0.0263186	-0.026458695499999997	0.0299301269	0.019346574499999998	-0.0071432216	0.0058881483999999994	0.14808147900000002	0.0257701987	-0.0489232588	-0.054114577999999997	0.0061970267	-0.077566181	0.0067191064	-0.038172399700000005	-0.042977997000000004	-0.0274555239	0.0344941457	0.1878585122	-0.0026504696999999997	-0.1077827012	-0.1068749501	0.1779114143	0.010546211599999999	-0.1195034659	0.0007501874000000001	-0.022571717400000003	0.0425145045	0.0036006737	-0.02296562	0.0132202277	0.06990470879999999	-0.0740796584	-0.0915867915	-0.0668999475	0.0219428794	0.0036967775	0.1377755826	-0.0362384789	0.07299197269999999	-0.1108455768	0.0654072085	0.12034848949999999	0.0102942029	-0.0199747739	0.108207538	0.0157028179	-0.087290626	0.0731106619	0.0277439873	0.0572591143	0.043958772199999996	-0.0014921727	-0.0106250992	0.0186075303	-0.0968316698	0.0035910175	0.029389362000000002	-0.0245439605	-0.1123997548	-0.0426949194	0.0696092395	-0.0179436307	-0.0090677189	0.04959409730000002	0.0643642407	0.0050798025	0.018442373600000003	0.021428255099999998	0.0679591816	-0.05033558	0.033172832299999996	0.032154585	-0.17009311100000002	-0.1329688918	0.0201073597	-0.0347706642	0.0081520502	-0.0749496708	-0.055549833	-0.0750091066	0.1524375344	-0.015840976399999998	-0.0645021714	0.0004132239	-0.049972832800000005	0.00019399490000000002	-0.054148019500000005	0.0187342588	-0.0147003858	-0.0012101121	-0.0209161542	0.052250178499999994	-0.1377238428	0.0269586179	-0.1572170719	-0.0572971762	-0.17924790059999998	-0.0906603215	0.1079765601	-0.08863514970000001	0.0077681211	0.021084706800000002	0.0956961351	0.0036788033	0.0728446234	0.029792892	0.0627245583	-0.0398807776	-0.1457657953	0.0562622976	0.0490248706	0.015352338	0.0376805827	-0.0956362303	0.005799813399999999	-0.0157225838	-0.0952618439	-0.0068595611	0.0771356198	-0.06466138099999999	0.0554916082	-0.080329684	-0.038105044500000004	0.0739883883	0.0768086834	0.0098323626	-0.0199844515	0.028568740099999997	-0.13061051640000002	-0.024777236400000003	-0.0178194801	-0.0734177534	0.018505305	0.12172308650000001	0.0575578292	0.019775615700000002	0.0016477293	-0.06306937280000001	-0.0298450845	-0.0607290593	-0.0476440633	0.1214525543	0.0072068276	0.0573762104	0.0562982037	0.0563184125	-0.1147816692	0.06534908269999999	0.0037263778	0.0772126058	0.1507681596	-0.0054188701	0.0695965199	0.045228538799999995	-0.006025965699999999	-0.0199759828	-0.0352969198	-0.04860716019999999	-0.0792009397	0.0947994005	0.09445048869999999	0.0938699199	0.0930591182	0.0920200721	0.0	0.0	0.0	-0.0011810700000000006	0.005470329999999999	1.3949263449000016e-06	2.992451030889999e-05	0.0397715	0.01739809999999999	0.0015817722122499994	0.00030269388360999977	0.16685999999999998	0.010307999999999984	0.027842259599999992	0.00010625486399999968	0.000150516	0.00011223640000000003	2.2655066256000003e-08	1.2597009484960005e-08	2.0983400000000006e-05	0.0002373354	5.6328092093159995e-08	4.4030307556000016e-10	0.000200863	0.00016019869999999998	2.5663623481689995e-08	4.0345944769e-08	0.0	0.0
4520.705490961838	3.03192853766177	20436778.136012513	9.19259065748784	4729.117780013518	-7.3469186804504725	53.9772140971521	22364554.97723999	4720.162947490406	-0.3062050530470515	0.0937615345115476	22279938.250861313	4708.799039418791	3689.448013690072	0.8613469999999999	12.593829	0.03885289000000002	0.0186286	-0.0186581618	0.0569678023	0.011619493500000001	0.0560020184	-0.0767797394	-0.0602331086	0.039978977400000004	0.05192956	0.0869033077	-0.0149913006	-0.0341168033	-0.0352499109	-0.07824263669999999	0.0189763831	0.0319021216	0.024155341299999997	-0.0093350725	0.0287622713	0.0059803336	-0.05707990690000001	0.0509273476	0.23934790329999997	-0.0709824127	-0.019996288	0.043856124100000005	0.021821212200000002	-0.0589026807	0.0081671164	0.0071370451	-0.0282442852	0.0305430453	0.0342426419	0.0201640523	0.09674105529999999	-0.0661681283	-0.022635614900000003	-0.0138205173	0.0560479005	0.005472164200000001	0.0040829088	-1.93798e-05	-0.0015113051000000001	-0.0289193736	-0.0214003787	-0.0773224737	-0.0773784403	-0.1791022591	0.0148061701	-0.10014713830000001	-0.0464466626	0.0743063712	-0.0577467486	0.1794052821	0.0603065488	0.0430293911	-0.078605569	-0.0012875463	0.026102525699999997	0.10586168230000001	0.051259325300000005	-0.0142464057	0.22039387800000002	-0.0443221538	-0.094688458	-0.0481177312	0.0670686382	-0.12767870650000002	0.0299940985	-0.026930435	0.0533530916	0.0728274433	-0.11962810019999999	-0.036855725299999996	0.0068156219999999995	-0.020044937	-0.0731483928	0.0579805491	0.008566123	0.046810916699999996	0.0438811197	-0.0938871983	-0.14478164	0.0215611059	0.0039744396	-0.0301073098	-0.028204239300000006	0.0705502764	-0.047690053499999996	0.0025828523999999998	-0.004891186699999999	-0.0023222219	0.0029910974	-0.07474145389999999	0.0106104199	-0.0042035043	-0.1232302366	0.0049207599	-0.08613427109999999	-0.19480173850000002	0.037573453799999997	0.020642932	-0.0421717111	-0.0094377871	0.0277000295	-0.0147302747	-0.0206632615	-0.0052226072999999994	0.1286767909	-0.09179220810000001	0.06484184309999999	-0.0663963518	0.0622642971	-0.0360718192	0.0320247922	-0.0455167475	-0.0492397803	-0.0159144975	0.0059846563	0.0024165164	0.0254120689	0.0360228544	-0.0456651925	-0.1315048588	-0.14696207630000002	-0.1525922585	-0.026032361	0.04507946	-0.0407621275	0.049041421200000004	-0.1534074542	-0.0001966952	0.0248503421	-0.1268647532	-0.0747712877	0.0517785413	0.07166741160000001	-0.0875249238	0.09178221800000001	0.0986288371	-0.08403734130000001	-0.060796938200000004	0.1061525722	-0.0107523162	0.0275850858	-0.0182319635	-0.0693558232	0.1399086357	-0.021274146299999998	-0.0019559116	0.0820711617	0.1149425493	0.0501703724	0.0010905593	-0.043787113499999995	-0.0085250133	-0.011339275400000001	-0.0703194798	-0.1201604712	0.09472341039999999	0.09414702289999999	0.09318897359999999	0.0918531464	0.0901449566	0.0	0.0	0.0	-0.00970807	-0.008526999999999998	9.424662312489998e-05	7.270972899999997e-05	0.0397275	-4.399999999999543e-05	0.0015782742562500001	1.935999999999598e-09	0.17080499999999998	0.003945000000000004	0.029174348024999994	1.5563025000000032e-05	-2.86934e-05	-0.0001792094	8.233112035600003e-10	3.2116009048360004e-08	-0.000250909	-0.0002718924	7.392547717776001e-08	6.295532628099999e-08	0.00027649900000000004	7.563600000000005e-05	5.720804496000007e-09	7.645169700100003e-08	0.0	0.0
4523.27880890209	2.5733179402514	20460051.183062706	6.621965221619706	4705.0160467841415	-24.1017332293768	580.893544660046	22137176.000496272	4723.272186142587	3.109238652181375	9.667364996218653	22309300.144388173	4711.294060251529	3681.574081885533	0.871031	12.73542	0.03932270000000001	0.0219368	-0.0402498729	0.08591931400000001	0.045139631	-0.074829441	-0.047828612699999995	-0.002783878	0.0759549528	0.05785435980000001	-0.038736858	0.0156750441	0.029261926	-0.09257644890000001	0.1003399019	-0.1054227291	0.0044195246	-0.0059235845	-0.0736061412	-0.0737032474	-0.0098357097	0.0222004069	0.1086446434	-0.0638284919	-0.0168958398	0.07353086730000001	0.06342082980000001	0.0727749122	0.0248776539	-0.013434586	0.0538761054	-0.10406572119999999	-0.022228754500000003	0.14407911880000002	-0.028844432799999997	0.0170182038	0.08315564610000001	-0.2098764853	0.028564031400000002	-0.0879249822	0.0316542509	-0.0434104701	0.0306949613	-0.07528217870000001	0.017962246499999997	-0.06814200969999999	0.0674204509	0.09808548689999999	0.0576502259	-0.0377500096	0.0638858854	-0.033924195	-0.1825300339	-0.2160412916	0.09671333439999999	0.0016600183	0.015599417800000001	0.0453255797	-0.0177724684	0.009904223699999999	-0.0080698112	0.0805061884	0.0163708733	-0.0005874366000000001	-0.0074240572	0.0613901348	0.034682407900000004	0.0142326964	-0.0171582193	-0.0801920884	0.0624776817	-0.0557904495	0.0558078064	0.0345829654	-0.0744926271	-0.0313657655	-0.0032485484	-0.0181717244	-0.10810816869999999	-0.0058597542	-0.0408825943	0.0832395406	0.0250390063	-0.032708948700000004	0.0814079796	-0.033988348700000004	-0.0003997811	0.0165906746	0.1091530831	0.0816672132	0.0885081825	-0.0244973992	-0.0148371027	0.0018650102	0.1376164216	0.0664090655	0.0857697924	-0.061293664500000004	-0.0443129859	0.049501695199999994	0.0507620309	-0.0436222957	0.10823154880000001	0.051542543899999994	-0.0441388516	-0.048713675199999994	-0.0749660801	-0.0158811997	-0.0987632008	0.146779669	-0.1353476396	-0.1127354638	0.0217345886	-0.1563359081	0.0006616261	-0.09072096689999999	0.0124393469	0.0283974283	0.0671871243	-0.0569999934	0.08105638429999999	-0.0581069504	0.0253862281	0.0253724629	0.0676099101	0.18900091260000002	-0.0194854972	-0.0192002985	0.079005788	0.0636346683	0.0478625378	-0.1157612556	0.1285904167	-0.0842479244	0.0570055856	-0.0170064608	0.0041592323	-0.0240455067	-0.015385194	0.018050607	-0.0930012562	-0.029562224900000007	0.016283866299999998	0.0343271431	-0.047927925700000006	-0.08116914759999999	-0.0370360624	0.0362723006	0.0889497033	-0.0865429382	0.0928607835	0.0228325544	-0.0797312817	0.0673603975	-0.0031414093	-8.959940000000001e-05	0.0500169846	-0.0535580185	-0.070858505	0.0740925115	0.09462845140000001	0.0937681467	0.0923400945	0.0903529413	0.087818719	0.0	0.0	0.0	-0.0110444	-0.0013363300000000019	0.00012197877136000002	1.785777868900005e-06	0.0397856	5.8099999999998424e-05	0.0015828939673599998	3.3756099999998173e-09	0.157273	-0.013531999999999987	0.024734796529	0.00018311502399999968	0.00022165900000000005	0.00025035240000000005	4.913271228100001e-08	6.267632418576004e-08	-0.000412846	-0.00016193699999999996	2.622359196899999e-08	1.7044181971599998e-07	0.000200863	-7.563600000000005e-05	5.720804496000007e-09	4.0345944769e-08	0.0	0.0
4523.367408911686	0.0886000095961208	20460852.716004416	0.007849961700432697	4754.284501455047	49.26845467090516	2427.380625659036	22603221.120775666	4722.97293357142	-0.2992525711670169	0.0895521013500705	22306473.331248224	4709.927951287293	3683.814178417984	0.921653	13.47557	0.06867751	0.046393300000000005	-0.056094633600000006	0.0925621516	0.07105673309999999	-0.0431667108	0.0135402622	-0.012562938000000001	0.04357047	0.0698323287	0.0682909029	0.0227822835	0.0617136728	-0.0640005496	0.0158764645	-0.0416190404	0.0426048052	-0.11652456509999999	-0.0484729276	-0.1099962017	0.1279619975	0.031858874599999996	0.0357510134	0.0403913544	-0.0058917484	-0.0072136952	-0.045422804000000004	0.0338760728	-0.0681169865	0.0956734018	-0.0009630231	-0.067970326	0.0207906256	-0.0358711239	-0.1443087667	0.09420798529999999	0.14439137189999998	0.1582563835	-0.11730468150000001	0.010322147299999999	0.0373118375	-0.09376985970000001	0.1158544619	-0.016801603000000002	0.0015957443	0.0209111023	0.0945498301	0.0035622698999999997	0.059922739100000004	0.0995361039	-0.0174433158	0.0058335031999999995	0.0146187127	0.0025895126999999998	-0.0031959440999999996	0.1060907023	-0.0774829222	0.10329544410000001	0.046654433499999995	0.0443687253	0.011962093200000001	0.040815217200000004	0.0236988346	0.0163028286	0.0025252289000000003	-0.0407988667	0.061985355	0.09753573480000001	0.0242205594	-0.0882253416	0.0462697669	0.0157148997	-0.0049197799	0.1443230609	-0.0219473465	0.0134069669	-0.0026042184	0.038909484700000004	-0.0589227833	0.0295476036	0.0208404709	0.0605364398	-0.0280140142	0.0256321198	-0.0213014905	0.0780225609	0.0088523744	0.0546298948	0.08922642759999999	0.0223514483	-0.0661423554	-0.0335674952	0.0454545337	0.1216959245	0.0818078268	0.0043272333	0.1021130765	-0.0329977878	0.015061456200000004	-0.0724793609	0.0016840297	0.0782885886	0.0531252174	0.0432231615	0.0244529767	-0.0262799877	-0.0423105522	-0.0661181582	-0.085338145	-0.1570645103	0.004424578	-0.006383833	0.17421228760000002	0.028986639300000002	-0.1566934694	0.0337870963	0.062833832	-0.054491643099999994	-0.1272408516	-0.0096541484	0.029029985600000002	-0.0044400584	-0.0313145439	0.0199177418	0.0975921608	-0.0467646211	-0.0893013042	-0.025574819199999998	0.09555691449999999	0.1426688555	0.0220048453	0.042753531100000006	0.0545413167	0.0606347678	0.0360013997	0.017120399799999998	-0.0411340619	-0.04153475	-0.0591138324	0.0101736972	0.0114402365	0.0284020542	-0.0781916322	-0.0298792432	0.0365834488	-0.0906316855	-0.0543452659	0.0112594298	-0.0340087184	0.057344531799999994	0.024755676600000002	-0.0013228029999999998	-0.0491101568	0.0505330675	0.1040091956	0.145170233	-0.0167852405	0.0059335234	-0.025012811	0.029903720499999998	0.0945145424	0.0933141636	0.0913248123	0.0885633085	0.0850530009	0.0	0.0	0.0	-0.007426689999999999	0.0036177100000000014	5.515572435609997e-05	1.3087825644100015e-05	0.0652991	0.025513499999999998	0.00426397246081	0.0006509386822500001	0.1636	0.006326999999999999	0.02676496	4.003092899999999e-05	0.000886045	0.0006643860000000001	7.850757420250002e-07	4.41408756996e-07	-0.000412846	0.0	0.0	1.7044181971599998e-07	0.000200863	0.0	0.0	4.0345944769e-08	0.0	0.0
4519.713822921579	-3.6535859901068766	20427813.041108392	13.348690587105244	4766.464366641912	12.179865186865756	148.34911597022437	22719182.55846709	4724.199898698234	1.226965126814321	1.505443422418482	22318064.682860408	4711.172528658399	3711.813883668439	1.023252	14.96105	0.071468105	0.0500072	-0.052376702000000004	0.009370810600000001	0.0818968927	-0.0224479785	0.0136936308	-0.1075608824	0.0711980369	0.0033894487	0.0384501382	0.087509432	0.1170669075	-0.0305702273	0.0819313612	0.0117610022	-0.0582938916	0.08863325640000001	-0.0411966756	0.014895513999999999	-0.0588278171	0.0390720367	-0.0634733347	-0.0406164514	-0.1087552361	-0.1114119708	-0.0299027773	0.0208342886	0.0476184742	0.021490625099999997	0.0145977614	-0.0020911944	0.0555706544	0.1568894791	0.0622961078	0.011574248899999999	-0.0518842669	0.0269032625	0.0142121386	-0.0427976269	0.0155924143	-0.0375584706	0.026477842	-0.0755431542	7.67608e-05	-0.0102192962	0.057788458200000004	0.09404500390000001	0.1477182357	0.0320459781	-0.0284641685	0.047075088499999994	0.0005230212	0.0509040022	0.1683655869	0.13063681060000001	0.045631578	0.0096456787	0.1104651098	-0.0732302609	-0.1393067691	0.034601860299999995	0.0064713433	-0.0801696234	0.054477666699999996	-0.0100885684	-0.10186644060000001	0.0349914838	0.004355561599999999	0.0010395006	0.006613391	0.028234742599999998	-0.0040659755	-0.0059150663	0.0238431129	-0.0067461441	0.1376988355	0.030400910899999998	0.11199990509999999	-0.0493875241	0.0823482158	-0.045314277400000005	0.008363239	0.0802214616	0.0200911644	0.017646356999999998	0.0941940257	0.1179692108	0.0190844837	0.0562478731	0.0641779864	0.0569986496	-0.08049021940000001	-0.025849811099999998	0.015914404099999998	0.0429133138	-0.0510838218	0.1329242444	-0.0137155208	0.0747172133	-0.1224382325	0.0140913276	-0.0024080384	-0.0229989852	0.0375224731	-0.0585169513	0.0033530111	-0.021965736	0.020792585500000002	0.1147961503	0.0447145459	0.005471584399999999	0.06164050400000001	-0.0058945531999999995	0.006725693499999999	-0.041174664900000005	0.032517556	-0.025320001800000002	0.0648762154	-0.0555530197	0.13258146199999998	-0.021941554900000004	-0.13175138720000001	0.107598402	0.0967468533	-0.0094097913	0.021925021800000003	0.0982458329	0.081059242	-0.0120462023	0.0191137824	-0.1177378451	0.097720254	0.1290347007	-0.0576174479	0.08353187320000001	-0.1276688254	-0.0511037604	-0.008060441	-0.034015942	0.0129742198	0.03326895	0.0336770531	-0.006972766899999999	-0.0447935863	0.0771369561	-0.0661498982	-0.11614173900000001	-0.0656438479	-0.017542404299999998	-0.0659592363	-0.1481545772	0.029455876800000006	-0.0538429477	-0.0211956258	-0.037531786	-0.0465466958	0.0301764191	-0.017280865	-0.036055575	0.0943817063	0.0927854371	0.0901449566	0.0864899808	0.0818616429	0.0	0.0	0.0	-0.00496553	0.0024611599999999987	2.46564881809e-05	6.057308545599994e-06	0.051849300000000015	-0.013449799999999993	0.002688349910490001	0.00018089712003999976	0.179835	0.016235	0.032340627225	0.000263575225	9.96021e-05	-0.0007864428999999999	9.92057832441e-09	6.184924349604101e-07	-0.000412846	0.0	0.0	1.7044181971599998e-07	0.000200863	0.0	0.0	4.0345944769e-08	0.0	0.0
4515.03552981692	-4.678293104659133	20385545.835509155	21.886426373101187	4805.388935804367	38.924569162454645	1515.122084482715	23091762.82435103	4723.275440495808	-0.9244582024266492	0.8546229680339116	22309330.886790868	4711.456585465511	3749.824958676524	1.066276	15.590114000000002	0.04822831	0.024986	-0.027405438100000002	-0.11129113410000001	0.066372531	-0.08632197330000001	0.1063561767	0.07483116320000001	-0.0595405891	0.0771048717	-0.005879296500000001	0.07322512	0.10227640660000001	0.039880564300000004	0.0304699807	0.1407808043	-0.089624273	0.0703057458	-0.0140920018	0.0448169734	0.0071157927	0.0232664405	-0.1101750926	-0.011553753600000001	0.061092379599999996	0.0377912738	-0.0986823036	0.0817396081	-0.0042109708	-0.0343870029	0.0519910984	0.041053807000000005	0.0318813219	0.054388947300000004	-0.066454975	0.0399869963	0.0490285538	-0.0175771198	-0.10974571279999999	-0.0679400906	0.00332661	0.0969548932	0.01589572	-0.0425402245	0.06464293780000001	-0.0032659646000000003	-0.0104728012	0.1354692318	0.1356354493	0.0691618302	-0.0174472244	0.0934520917	0.0077069658	0.07177102219999999	-0.0812988811	-0.028538078199999997	0.0811222638	0.036252460800000004	0.0855064509	0.0236541174	0.10363966640000001	-0.0581105695	-0.0400752948	0.0813221277	-0.057262364100000004	0.032189954	0.0630321866	0.0961967599	0.0714964438	-0.0765828915	0.046334981799999994	0.005495428399999999	0.0116138324	-0.0610287977	-0.0036181573	-0.0269719283	-0.0737759722	-0.008411242900000001	0.050425012400000004	-0.1526692758	-0.0389235108	-0.1430322991	-0.036164254900000005	0.0131241055	0.1352261035	-0.003965380399999999	0.08907072490000001	0.09266592230000001	-0.0611664669	0.0038786878000000003	-0.0853843935	0.0732723703	-0.09275769789999999	-0.0949559658	-0.0359546086	0.0328958919	-0.0298323304	0.1172284285	0.0886246584	-0.0286273598	0.0691773118	0.020568703600000002	-0.025293456000000002	0.1125940565	0.045055251500000004	0.022064552400000003	0.0687855677	-0.0372372759	0.0185388122	0.0310873291	-0.0559734971	0.0074570206	0.10734800380000001	-0.0532656686	-0.0339989114	-0.0149998128	-0.0506736822	0.0052392283	-0.016917400200000002	0.0884245775	0.1466181617	-0.0030413151	-0.0603753208	0.0673962293	0.0766765659	-0.0036011282	-0.0038477178000000003	0.08228244900000001	0.008547167	0.02955116	-0.0609955305	0.1354740163	-0.0219408763	-0.0909630208	-0.1356522684	0.0589694022	0.0617841512	0.1020158633	-0.0411133405	-0.0196184492	-0.0637134687	-0.0323572436	-0.0381912208	-0.07396922360000001	0.0012887877	-0.095843699	-0.0407323049	-0.0139602073	0.0915152109	-0.05779761360000001	0.0273683706	-0.01184963	-0.0477920951	-0.022618957400000004	-0.1512246647	0.0175865356	-0.0982113568	-0.042529520700000004	0.0387108663	-0.030974143500000002	0.0942299696	0.0921823909	0.08880265359999999	0.0841395995	0.0782606159	0.0	0.0	0.0	-0.000533815	0.004431715	2.84958454225e-07	1.9640097841225e-05	0.048835	-0.0030143000000000045	0.002384857225	9.086004490000027e-06	0.199546	0.01971100000000001	0.039818606116	0.00038852352100000013	0.00022165900000000005	0.00012205690000000005	4.913271228100001e-08	1.4897886837610009e-08	-0.000113477	0.000299369	8.962179816099997e-08	1.2877029529000002e-08	0.000200863	0.0	0.0	4.0345944769e-08	0.0	0.0
4509.762537131142	-5.2729926857773535	20337958.14131152	27.804451864261466	4787.4131347699595	-17.975801034407596	323.1294228286092	22919324.52296793	4719.046038672513	-4.22940182329512	17.887839782892087	22269395.51511073	4708.512705188297	3718.586910122831	0.983621	14.381613	0.05469166499999999	0.0271919	-0.0158879129	-0.1311256292	-0.0085766703	0.0832551153	0.0367994271	-0.0490198976	-0.0797845165	0.1130769551	-0.08925237220000001	0.0041318856	-0.0076057043	0.0692164441	-0.0034518331	0.0160285647	0.0075195302	0.09690817300000001	-0.0197942415	0.0537841458	0.00034431669999999997	0.0349876248	-0.0403072405	0.066340854	-0.09112705619999999	-0.0406622093	0.0081920615	-0.0195282996	0.1317641754	0.0018005876000000004	-0.0163397729	0.061219674	0.0365020232	0.051774290300000005	-0.000645024	0.0573103079	0.019721169099999998	-0.0781936882	-0.021181415099999996	0.06444348230000001	0.1203197937	0.0012404613	0.0438463766	0.1219450472	-0.0271303798	0.044780773200000006	-0.016089596499999997	0.0171039247	0.0455613409	-0.0134662764	0.0520895316	0.0557102649	0.0261205756	-0.004235534799999999	-0.1544739716	-0.0267480926	-0.0526697033	0.00013080440000000002	-0.0797496927	0.0525293196	0.0775059751	0.0396275397	-0.1246896015	0.08615012109999999	-0.1629713297	0.039147795299999996	-0.0151043249	-0.0301337596	0.0525364634	-0.06233024280000001	-0.0170327383	-0.1075235185	-0.0520885883	0.0065562297	-0.003564555	-0.14179683140000002	0.0466245025	0.0226019786	0.0684828636	0.0236778003	-0.09533559359999999	0.0190647121	0.0089277865	-0.044286062599999995	-0.006017873199999999	-0.0999394777	0.0190872684	0.0007296122	-0.08305434099999999	-0.0450764855	0.0642972318	0.025100567400000003	-0.07163006059999999	0.024130514500000002	-0.046195402999999996	0.0241388738	0.006537826700000001	0.0384491351	0.007704541800000002	0.0172695442	-0.1312993173	-0.1052356975	-0.0478596163	-0.0384020565	-0.0655094811	-0.0585578996	0.066198131	0.0316122719	-0.0066934409	0.0811596578	-0.032025851099999995	-0.030159736	0.06475583879999999	0.0233379995	0.012405476200000001	0.0283774778	0.0182737493	-0.1113429534	-0.11776364339999999	0.0410541662	-0.0817579736	-0.0144451929	-0.0007433452	-0.0479255201	-0.0079559396	0.025423827599999997	0.0811451784	0.0549328672	-0.0412243748	0.0216674111	0.03778697	0.20496213870000002	-0.0140781346	-0.0697081746	0.0275190852	-0.0966662376	0.0589767267	0.1316128376	-0.046784432300000005	-0.0126888271	-0.04750257980000002	0.0552706022	0.0018975011999999999	-0.0095840712	-0.0963319691	0.029039591899999998	-0.0048489943	-0.0201140664	0.1247340599	-0.061104793899999996	0.022883982200000003	-0.1540614696	0.0386247127	0.0006069015	0.0762576386	-0.08569710929999999	0.0688371017	-0.09511246220000001	0.0232865107	0.0886873774	0.09405936279999999	0.0915055078	0.0873003222	0.0815196937	0.07426794099999999	0.0	0.0	0.0	0.0019565000000000003	0.0024903150000000003	3.8278922500000016e-06	6.201668799225002e-06	0.0451883	-0.0036467000000000023	0.00204198245689	1.329842089000002e-05	0.190224	-0.009321999999999995	0.036185170176	8.689968399999995e-05	-0.000144759	-0.000366418	2.0955168081e-08	1.34262150724e-07	-0.000412846	-0.000299369	8.962179816099997e-08	1.7044181971599998e-07	0.000319729	0.00011886600000000001	1.4129125956000001e-08	1.02226633441e-07	0.0	0.0
4503.959844998471	-5.802692132670928	20285654.285358656	33.67123598656107	4783.2881804271165	-4.124954342843012	17.01524833053942	22879845.817013755	4713.728869285164	-5.317169387348258	28.272290293753446	22219239.853132393	4703.452960564809	3685.095440065691	0.8449700000000001	12.354373	0.03654657099999999	0.0180102	-0.028631941600000002	-0.10469732609999999	-0.0663501156	0.0408085806	-0.021155601	0.101558631	-0.0809103728	-0.026035612000000003	0.0273149379	-0.0491603419	-0.0003098064	0.10088514539999999	-0.0322486295	0.0057460539	-0.026333529799999998	0.01489554	0.0024271613	0.0334238137	-0.1121144173	-0.0073926418	0.0039431814	-0.0226002444	0.08557607460000001	0.0009882601	0.0383068402	-0.026808220499999997	0.056920558499999996	0.1002985651	0.0947627555	-0.0406571387	-0.0493857868	0.030345462200000006	-0.0435320692	-0.042873159400000006	-0.0311921428	-0.0017751481	0.1205546375	-0.041381845800000004	-0.0481255133	0.09105468859999999	-0.0137613767	0.0807103851	0.0538211503	-0.0068457215000000005	-0.023818647000000002	0.029887732099999998	-0.05635843190000001	0.0164596272	0.004659372100000001	0.004998863	0.0713078287	0.0664105445	-0.085560766	0.050705212400000005	0.0254100316	-0.033283323	0.0068338256	-0.053250784599999997	0.0246270606	0.08408373109999999	-0.0592261776	-0.0723693334	0.0521098736	-0.060465800599999994	-0.048418075	-0.0037783727	0.09402181789999996	-0.0688479534	-0.012008263500000001	0.0228648048	0.1491680953	-0.0625754044	0.027166810299999997	0.018243808400000002	-0.032628858	-0.0644875659	0.0157830719	-0.039456813	0.026473371000000002	-0.10198712800000001	-0.0655673659	0.0185111781	-0.0396581413	0.07941096019999999	-0.0351736275	-0.0025494883	-0.0855324727	-0.064607097	0.0049662224	-0.0467584216	0.006120047900000001	-0.1006548212	0.019706203999999998	0.031105103399999997	-0.0382566119	-0.0091079371	0.0128650276	0.0356547817	0.07269317980000001	0.027678629500000003	0.0207884798	-0.0554108164	-0.0895966577	-0.0411623293	0.030167548399999997	-0.048988679800000004	-0.0583024611	0.0304135717	0.1138449926	0.0588646565	-0.0437407504	-0.0040814104	0.0712892132	-0.0645246825	-0.1249021519	0.068609715	-0.0356632491	0.09827616869999999	-0.0055245142	0.0180308893	0.053516011100000004	0.0063757606000000005	-0.0058073623	-0.0144568598	0.0133179234	0.05176179559999999	0.0171656305	0.0181606151	0.0335167544	0.0353374634	-0.0698771025	-0.045675500300000005	-0.0297054473	0.0605928853	-0.070088224	-0.0276895456	-0.0142789057	-0.0757741603	0.0570870368	0.0915109057	0.0612404638	-0.029688801	-0.027367115499999997	0.03458068	-0.0612602164	-0.06250845	0.0071953562	-0.0784953876	-0.06256749019999999	0.04866112	0.026825300899999998	-0.060652607699999986	0.010813203200000001	0.0032963025	-0.042365911	0.055392939800000006	0.11326480779999999	0.0135502395	0.0938699199	0.0907553302	0.0856406697	0.0786386558	0.0699035991	0.0	0.0	0.0	0.000375464	-0.0015810360000000005	1.40973215296e-07	2.4996748332960012e-06	0.035479199999999995	-0.009709100000000005	0.0012587736326399998	9.42666228100001e-05	0.180045	-0.010178999999999994	0.032416202025000014	0.00010361204099999987	3.79237e-05	0.0001826827	1.4382070216899996e-09	3.337296887929e-08	-0.000412846	0.0	0.0	1.7044181971599998e-07	0.000200863	-0.00011886600000000001	1.4129125956000001e-08	4.0345944769e-08	0.0	0.0
4500.906821935886	-3.0530230625854533	20258162.219749	9.320949820678658	4743.496620860967	-39.79155956614977	1583.3682127064453	22500760.19211941	4712.103393813946	-1.625475471218124	2.6421705075317816	22203918.39399291	4701.771324943108	3630.234657720141	0.907929	13.274906	0.07592326099999998	0.033056800000000004	-0.053427036	-0.0365144204	-0.128590272	0.0744375978	-0.10747884769999999	0.0147818773	-0.0276842967	0.0092341192	-0.0424096978	-0.0798472625	-0.006186825	0.046750785	-0.0825610154	-0.0418974028	0.0646514524	0.055621123099999996	-0.08295069299999999	-0.0227038289	0.0228472892	0.047913637099999996	0.12348178800000001	0.0025315762	0.0868155684	0.0222490935	-0.0425808252	-0.18030187399999997	-0.0103476861	-0.008466513699999999	0.1717150601	0.0279017348	0.0835148129	-0.0067661279	0.0210763156	0.09112359560000001	-0.1165081566	-0.0482930258	0.0137311047	0.057645188	-0.0993029621	0.0978563452	0.1068241317	-0.10647893679999999	0.0283708804	0.0640058344	0.0208836642	0.0709799737	-0.08502960679999999	0.0273896999	-0.08948021810000001	0.1566662861	0.0459087149	-0.057949109900000004	-0.0411443744	-0.0197554731	-0.0396058	0.10328515419999999	-0.067762777	0.029796634199999998	-0.0841781122	-0.0560851328	0.049791109900000005	-0.026698329399999998	-0.1036814978	0.0180323092	-0.10188589869999999	0.054996694299999996	-0.0728642895	-0.0060748912	-0.0716792442	-0.0101848217	0.056558450499999996	0.0791459321	-0.0224168877	0.0371131295	-0.0508195658	0.019110929199999998	0.0341060553	0.0638819613	0.0580984708	-0.022748735699999998	0.09150098640000001	-0.1516013429	-0.019282598600000003	0.0724584717	-0.07527697629999999	-0.018572468300000002	-0.0387508796	-0.0652207581	0.0775132387	-0.048220670300000004	-0.006780222099999999	0.07121547240000001	-0.0163921429	0.060815281900000004	0.0490538347	-0.0536032864	-0.1386355892	-0.020763503	0.09682604439999999	0.058011355599999995	-0.029071380499999997	-0.0773940966	-0.009414961	0.0905339761	0.21797134469999999	-0.0842577666	-0.022268529199999998	0.078664425	-0.0086226645	0.033632506	-0.0414822419	0.035946824700000005	-0.0529733442	-0.076154312	0.056386618	-0.08596602560000001	0.1213536885	0.1168418993	0.0403537423	0.0086371406	0.0204246391	0.0789737896	-0.09188067529999999	-0.0269017627	-0.1077827883	0.1107824641	0.0895537131	-0.056205780700000006	-0.0203557952	0.1357882427	0.030924589900000007	0.0788672782	0.1397794403	0.0204808714	0.0653923419	0.0030588113	0.0200722952	0.0130144102	-0.007348768199999999	0.0902715706	-0.1431357154	0.0539438642	0.0044665412	0.0924215195	-0.0036795828999999997	0.0091191069	0.020829903	-0.0034460296999999996	0.0497362738	0.0831644678	0.043246146299999996	-0.0165260235	-0.0543990742	0.032204382999999996	0.0669954063	0.0315504791	-0.075490264	-0.033377349199999996	0.093661679	0.0899324588	0.083826687	0.0755057146	0.0651894312	0.0	0.0	0.0	0.00820941	0.007833946	6.739441254810001e-05	6.137070993091599e-05	0.0453218	0.009842600000000009	0.00205406555524	9.687677476000012e-05	0.194213	0.014168000000000012	0.03771868936900001	0.00020073222400000042	-9.71584e-05	-0.0001350821	9.43975469056e-09	1.8247173740410002e-08	4.28149e-05	0.0004556609	2.0762685578880998e-07	1.8331156620099995e-09	-8.996829999999997e-05	-0.0002908313	8.458284505968998e-08	8.094295004889995e-09	0.0	0.0
4504.33466721136	3.427845275474283	20289030.79424208	11.750123232591365	4685.513262651183	-57.98335820978353	3362.069829284073	21954034.534480136	4714.031819984991	1.9284261710445207	3.7188274971694315	22222095.999831006	4701.977190214153	3621.5993258123713	0.8949370000000001	13.08495	0.047049395	0.036347	-0.0646583345	0.0157947188	-0.1463956173	-0.0472389601	-0.0691623073	0.1279174724	0.019965716	-0.0100297053	-0.1462920028	-0.0706520933	0.041960499400000004	0.0018894279	-0.0473516046	-0.0076425527	0.0647192259	0.0077180166000000005	-0.055002377699999994	-0.0201565165	-0.0655292349	0.0690376275	0.0665261716	0.0218654782	0.030874274900000002	-0.046546417400000005	0.1181160207	0.0375874913	-0.16350311380000002	-0.0042455759000000004	0.09096794119999999	-0.042101499800000004	-0.1015676601	-0.0378879424	0.1153553306	0.0040380578000000006	0.05815030860000001	-0.051044641200000004	-0.0647833955	-0.0252309696	-0.007348989399999999	0.0771845268	-0.1283457991	-0.0134601764	-0.011485152700000001	0.0219255354	-0.0102655984	-0.1097865157	0.043823230199999993	-0.0157364363	-0.0740091169	0.0346612188	0.0378314527	0.0300312148	0.095896594	0.0170108433	-0.004399553400000001	-0.01809933	-0.0107812178	-0.056120951399999994	0.1019441689	-0.0239018275	0.0558301525	-0.0196231415	0.0138037205	0.0565682432	-0.0185282093	-0.09580954859999999	0.11415896769999999	0.0211724485	0.0676081534	0.0040247337	0.0761176665	-0.0649942478	0.0702996119	-0.111668785	0.0804941136	-0.0194068652	0.017831558	-0.0743330188	-0.0840371529	0.0185007433	0.0338130996	-0.0079015652	0.0635635343	-0.049528111500000006	-0.0748198396	0.030825665699999998	0.016972104	-0.039527079	0.0157607777	-0.12717860460000002	-0.0314232873	-0.05703806030000001	0.037441586400000004	0.0632380031	-0.0152378922	-0.011480478600000002	0.0051375216	-0.024504568199999997	0.0010586653	0.1276810165	0.1353577057	-0.0579664638	0.0346441604	0.1697631361	-0.0345097723	0.0807507628	-0.0028436678	0.0772191951	-0.0358561029	-0.0724809117	-0.0388141668	-0.0530333861	0.0187206024	0.1198629911	-0.0222757612	0.1306374808	0.0183830894	0.038963585499999995	-0.0577271489	0.1069299841	-0.064147741	-0.035388724100000005	-0.0102983029	-0.0536441814	-0.0198968178	0.059766170999999986	-0.009304934300000001	-0.0105414249	0.014972928600000001	-0.0576576038	-0.07324974	0.0252723873	0.0071062703	-0.0014965944	0.08694702189999999	-0.0264076198	0.0269861125	0.0590163849	-0.0986086304	0.0342962629	0.1050803987	-0.0557877363	-0.1048901154	-0.0865921009	0.018207786	-0.052320127699999996	0.07665393690000001	-0.0604935096	-0.08182436400000001	-0.0685383849	-0.062704331	0.015897332099999998	-0.0200297766	0.0065182124	-0.0183682857	-0.0576696495	0.022163699199999998	-0.0307439607	0.0934346818	0.08903755279999999	0.0818616429	0.0721309058	0.0601490288	0.0	0.0	0.0	0.00754008	-0.0006693300000000001	5.685280640640001e-05	4.480026489000002e-07	0.0454639	0.00014209999999999917	0.00206696620321	2.0192409999999763e-08	0.180004	-0.014209000000000029	0.032401440016000004	0.0002018956810000008	0.00050863	0.0006057883999999999	2.587044769e-07	3.6697958557456e-07	4.28149e-05	0.0	0.0	1.8331156620099995e-09	-5.51774e-05	3.479089999999997e-05	1.210406722809998e-09	3.04454547076e-09	0.0	0.0
4510.380968052799	6.046300841439006	20343536.476972908	36.55775386518604	4720.11487966234	34.60161701115703	1197.2718997867914	22279484.47720983	4713.133544533476	-0.8982754515145643	0.8068987867936944	22213627.808606688	4700.324125903955	3629.983923054645	0.9798230000000002	14.326073	0.05672844	0.039894699999999984	-0.0685710421	0.0658834702	-0.13341969050000002	-0.0387357609	-0.0454314531	-0.027047126299999998	0.10809725220000001	-0.0794666817	0.09620951119999999	-0.0657023973	0.06418674769999999	-0.0624390692	0.0034350405	0.0327719397	0.0726088723	-0.0311430829	-0.07009710599999999	-0.0689007913	0.1140286774	-0.1329923595	-0.1268946812	0.0480866396	0.0193726751	-0.0112341018	-0.1306154273	0.0004846681	-0.0076900654	0.0349707082	-0.0482810855	0.0382062135	-0.1106831833	-0.12379747949999999	-0.0395897206	0.0161477927	0.0181878425	-0.0013394119	-0.0088434094	0.2008707268	-0.010609421200000002	0.06804248639999999	0.0299057969	-0.030370940699999998	0.0817926034	0.0320762613	0.068181317	-0.01444459	-0.0593072617	0.0368673054	-0.0062104744	-0.08891294039999999	0.011902776799999999	-0.0875048336	-0.0146858499	-0.0501232437	-0.0645419797	-0.066797383	0.0968453165	-0.05631962400000001	0.0645295801	-0.0307184762	-0.0038540288	0.001230028	0.0582410775	-0.0366154914	0.0507098862	0.1116189116	0.045147697599999995	0.0001276186	0.1933495821	-0.0781867518	0.0367229589	0.057010748099999994	-0.039699629300000004	-0.0244421326	0.0331880847	0.059874776399999996	-0.0367664071	0.0025736966	-0.0393195072	0.0157353021	0.053795193600000006	0.010537815700000001	0.011322591000000002	0.0238138039	-0.0780433202	0.044114491299999996	0.0583109361	0.018338972	-0.0833005985	2.26539e-05	-0.0379458981	0.2236938681	-0.051542394000000005	0.0210784481	-0.0055156279	-0.0205894789	0.1108991729	-0.0155753806	-0.0309030584	0.05415014889999999	-0.1063559164	0.0922579975	-0.0752407042	0.0079890008	0.0464880147	0.0219331627	-0.056164482	-0.15345513970000002	0.0103914699	-0.0038081724	-0.1437091684	0.0148455645	-0.0789956289	0.09059690699999999	0.021243832999999997	-0.027784837000000003	-0.0370394628	0.0858130514	0.0315501674	0.0404725335	0.0171267197	0.0556871108	0.0300393817	0.0448958878	-0.0784208568	-0.09360055130000001	0.0379711293	0.0260938023	-0.0320419027	-0.0087980999	-0.09882314869999999	-0.0048356386999999995	-0.0498426222	-0.0457969808	-0.1236424233	-0.058228090499999996	-0.006149526800000001	-0.0248279288	0.0036380039	-0.0504734192	-0.0438995539	-0.0020857075	-0.0666240618	-0.1786601526	0.0058922672	-0.0115678316	-0.0361358873	-0.1276196069	-0.0143019908	-0.0116545082	-0.0013723121	-0.0284059526	0.0905524058	0.0350666382	0.07715383940000001	0.0129456202	0.0076953447	0.004001413499999999	0.09318897359999999	0.08807132890000001	0.07974907860000001	0.0685250399	0.0548076162	0.0	0.0	0.0	0.007519119999999998	-2.096000000000216e-05	5.653716557439997e-05	4.393216000000905e-10	0.056297300000000015	0.010833400000000009	0.0031693859872900013	0.00011736255556000018	0.180111	0.000106999999999996	0.032439972320999995	1.1448999999999142e-08	-0.000253106	-0.000761736	6.4062647236e-08	5.80241733696e-07	4.28149e-05	0.0	0.0	1.8331156620099995e-09	-0.000208783	-0.00015360559999999998	2.3594680351359998e-08	4.359034108899999e-08	0.0	0.0
4518.700737327702	8.319769274902683	20418656.35352592	69.21856078761469	4726.9788036888285	6.863924026488348	47.11345304140403	22344328.61052347	4713.827757245533	0.6942127120564692	0.4819312895807982	22220172.12497845	4700.763599603589	3663.6525589233333	0.93245	13.633435999999998	0.05469324	0.0317707	-0.0505052014	0.0962730783	-0.0740009561	-0.078419406	-0.06531789889999999	-0.0662645198	0.0281821928	0.028350195800000002	-0.0319305382	-0.0542451311	0.0629950541	-0.0500529559	0.0312807028	0.1106424498	0.044181604400000005	-0.09849171539999999	-0.0760554287	0.0011147364	-0.037160535	-0.014676538999999999	-0.048690371600000004	-0.0774931799	-0.09073145490000001	0.0012239447999999999	0.0063150173	0.0736699325	-0.0046283140000000006	0.0192809165	-0.110154606	-0.0245794516	0.022201836000000003	-0.0830852128	-0.0730499035	-0.0168238071	-0.16409554269999999	-0.0704327767	0.09874371779999999	-0.10103470789999999	-0.05928174980000001	-0.091762216	-0.0097898466	0.0340053654	-0.0014190684	0.0386017609	-0.0603136223	-0.1025745958	0.0530365942	-0.1094632563	-0.0107274784	-0.20373128219999997	-0.0097021349	0.0667096272	0.015258536100000001	-0.0012103374	0.0029347505	-0.09198263570000001	0.025023691400000003	-0.013735361299999999	-0.0282193337	-0.0226276908	0.029302842200000002	-0.0237002008	-0.045330123300000004	0.08390087880000001	0.0412499235	-0.1585537178	0.0896189101	-0.042023885999999996	-0.0556690839	0.050368765	-0.0520754122	0.0894692895	0.032019109	0.028082332999999998	0.0843086619	0.049494611200000004	-0.0199936457	0.08691875369999999	-0.0779223629	-0.0346849629	0.0213678785	-0.07575506259999999	-0.0442692668	0.0073688114	-0.055136694699999995	0.0752784891	0.0393608462	0.0616817451	-0.09425800179999999	-0.0388482902	-0.0071785198	0.044667532999999995	-0.0505378462	0.06989101889999999	-0.09308452380000001	0.08828651189999999	-0.0531215497	0.0350433297	0.0121252325	-0.0170572115	0.0261094116	0.0276357985	0.02225069	-0.09130791140000001	-0.11106226609999999	-0.0128199801	0.0213570948	-0.038788078399999995	-0.1047491649	0.169148383	-0.07044155839999999	0.0314793744	0.09861399779999999	-0.1666167208	0.044441154100000005	0.014865992	0.0110401298	-0.048110257999999996	-0.0900533406	0.034546224199999996	-0.0385177364	-0.083589833	-0.051279148200000006	0.0154978204	0.058955675	-0.08384607990000001	-0.1722908853	0.005227213400000001	0.027306686400000002	-0.0670053639	-0.03452944	-0.0073435536	-0.0383701725	-0.0655832419	-0.0280037283	-0.0080505937	-0.0207895551	0.050359774	-0.0668327775	0.0881042426	0.0829969961	-0.0820306042	0.012260195900000001	0.0194559887	-0.014845290300000001	0.048513185099999995	-0.1354845827	0.0738883509	-0.0730563372	-0.0743927775	-0.0887562026	-0.008627293199999999	-0.0398612701	0.0463056632	0.1027730981	-0.0621408686	0.0007829155	0.0175993599	0.0929246038	0.08703456119999999	0.077492801	0.06469966769999999	0.0491919241	0.0	0.0	0.0	0.007515059999999999	-4.059999999999307e-06	5.6476126803599975e-05	1.6483599999994373e-11	0.0423806	-0.013916700000000013	0.00179611525636	0.00019367453889000032	0.15378699999999998	-0.026324000000000014	0.023650441369	0.0006929529760000008	-7.68945e-05	0.00017621150000000002	5.912764130249999e-09	3.1050492732250005e-08	0.000111688	6.887310000000001e-05	4.74350390361e-09	1.2474209344e-08	-0.000164898	4.388499999999999e-05	1.9258932249999992e-09	2.7191350404e-08	0.0	0.0
4524.126225849906	5.425488522204431	20467718.10742292	29.435925704572035	4742.173635504462	15.194831815633734	230.8829139053952	22488210.78927361	4713.275922486886	-0.5518347586466916	0.3045216008506524	22214969.921494607	4700.3290948276945	3725.7108900386575	0.9677730000000002	14.149886	0.03883476999999999	0.0241542	-0.0105637602	0.056759897699999985	0.030447309900000007	-0.1156635641	-0.0474620804	-0.019687444	-0.028204739	0.044225463099999994	0.1138848566	-0.0595361559	0.11100285720000001	-0.027888993799999998	0.0776276152	0.0650325342	-0.0305693743	-0.013227662900000001	0.0411059364	0.029738153700000002	0.0525086822	-0.0619280806	-0.0194642717	-0.06516376089999999	0.0533399604	0.0155670267	-0.0724955097	-0.0369677837	-0.0519883729	-0.0634901921	-0.051206462300000005	-0.0975974633	0.0316103057	-0.1350436364	0.0365817465	0.0721006866	0.045764145199999995	0.017199662	-0.0012841344	0.0615339695	-0.0105185086	-0.0062889217	-0.0829063812	-0.0021816264	-0.0288573169	-0.0021093976	0.09070149039999999	-0.0638892117	0.0573699203	-0.026463446600000003	0.1012785583	0.006195761700000001	-0.0653990614	0.008375355	-0.0423390714	0.0102945465	-0.0167296521	-0.0977199876	-0.0625966571	0.0647309002	-0.0445578108	-0.021510181	0.008104966199999999	0.046436162999999996	-0.026829504900000002	-0.0796262699	-0.0639872751	-0.013525296000000001	-0.033971985499999996	0.0351832942	-0.0359729259	-0.1334731556	-0.032163418799999996	0.0494816842	0.06944366469999999	0.1198355454	0.022728214700000002	-0.0763055774	-0.0027702499	0.0248634433	0.0602899324	-0.04404961860000002	-0.0356457647	0.0647284651	-0.0553302917	-0.04299479230000002	-0.047542318300000004	0.133348701	-0.0402520066	0.0933250481	-0.05350843	0.09185268380000004	-0.027478901899999998	0.0312855351	-0.0580440341	-0.0489176423	-0.020189908899999998	-0.0123236389	-0.011252450800000001	-0.0018210294	0.10376835529999999	0.0417708041	-0.0487757932	-0.011529801999999999	0.0734924847	-0.0178218675	-0.0122068844	0.0088006452	0.0039921538	-0.0989664032	-0.08415327560000001	-0.1018280051	-0.0296650519	0.10144812310000001	-0.0249917129	0.0823770001	0.0170699136	0.055696866100000006	-0.0150008071	0.0152397214	-0.08839548369999999	0.0185705221	-0.0231197187	0.009622423100000001	0.0718042971	0.0420561151	0.0681118419	-0.0443867335	0.006803696999999999	-0.011002473799999999	0.0156686481	0.0170011233	0.0603538028	0.0111961373	-0.0088034927	-0.1131489634	0.0182730485	-0.0453595716	0.0217090614	-0.004101389600000001	0.1305577775	0.0480965745	-0.0442290693	0.0459160874	0.0103653088	0.047299668600000004	0.0982560342	0.08536821050000001	-0.0321931852	-0.0327873984	-0.010912598	0.0050675693	0.0156748031	0.0488175679	-0.053339022	0.0016207122	-0.0008388200999999999	0.044040160700000004	0.0417232399	0.04420016	0.0926416252	0.0859280801	0.0750968762	0.060667043	0.0433300555	0.0	0.0	0.0	0.007516799999999999	1.7400000000000748e-06	5.6502282239999976e-05	3.0276000000002603e-12	0.0452307	0.0028501000000000012	0.00204581622249	8.123070010000006e-06	0.16454000000000002	0.01075300000000004	0.02707341160000001	0.00011562700900000088	-0.000462443	-0.0003855485000000001	2.1385352824900004e-07	1.4864764585225004e-07	4.28149e-05	-6.887310000000001e-05	4.74350390361e-09	1.8331156620099995e-09	-0.000215075	-5.017700000000002e-05	2.5177313290000016e-09	4.6257255625e-08	0.0	0.0
4528.983559486082	4.8573336361760076	20511692.082095224	23.59369005312685	4775.053271575408	32.87963607094571	1081.070468157834	22801133.74638301	4717.0494929715505	3.77357048466456	14.239834202731526	22250555.919143166	4706.04439232066	3805.2543982349866	1.107599	16.194302	0.09848816	0.0601448	0.05584339309999999	-0.0508617585	0.0585076016	-0.0586665755	-0.0078628372	-0.07701704870000001	-0.0270877429	-0.0383948899	-0.0250232202	0.0093507417	0.0382498601	0.0757634704	0.165216851	0.0515676667	-0.0167420746	0.0367881902	-0.0140339125	0.0724078241	0.0443768391	0.0591436949	-0.058505199	0.0127784475	0.0245521514	0.0224867254	-0.0822601121	0.0027604269	0.0374577173	-0.051231515	-0.04252396	-0.000468345	0.0608503596	0.040894732999999996	0.0397111808	0.07861371639999999	0.0272743888	-0.12280206880000001	0.030431998999999998	-0.007214634599999999	0.0826339976	-0.0294905489	-0.0415262071	0.09698305410000001	-0.0620196331	-0.0102111027	0.0063192822	-0.0975593959	-0.10121960470000001	0.0373059371	-0.0468587006	-0.054441944900000004	0.062485567	0.0426808064	-0.0929878375	0.014569998700000001	0.1106950751	-0.016555654	0.1592139627	-0.0048801899	0.036430931	-0.1225013234	0.08598406480000001	-0.1177528939	0.075307438	0.002542869	0.0032802471	-0.0111518333	0.0054548248999999995	0.030916733	-0.0649066111	-0.0212970219	-0.1106116433	-0.030118526	-0.0063266993	0.0855464753	0.0596209279	0.10541235439999999	0.1263072595	-0.0075087281000000014	-0.052806275199999995	-0.0266888257	0.0414704845	-0.0034094338	-0.0900286892	-0.11523660699999999	0.0231356488	0.0469466254	-0.0953715277	0.12171334449999999	0.0047545613	0.028402132799999997	-0.0818815468	-0.0179094675	-0.0190085135	0.012280673600000002	0.054033504100000004	0.06745243320000001	0.0106806175	-0.0372479116	0.015821309	-0.0334920677	-0.0990886134	0.0351088649	-0.0177147828	-0.0550001293	-0.011543956299999998	0.0092918791	0.018737686599999998	0.0642667072	-0.0816958187	-0.1052571267	0.012721044099999999	0.0611008248	0.050433891200000004	0.0179761144	-0.0034761539	-0.0276070759	-0.038012349	-0.0207992637	-0.0855631973	-0.0150930234	0.0706862537	-0.07089407980000001	-0.04381152	-0.0497120367	-0.0897681508	0.0262933243	-0.0899957179	0.0021788544	-0.041294775299999996	0.0421670579	-0.0640080433	0.0175256272	-0.2060057539	0.1346821946	-0.0301910684	-0.050452655199999995	0.1067031849	-0.0008518875999999999	-0.10112156550000001	0.026485972200000003	0.0153610154	-0.045607342800000006	0.0734421021	0.023761823900000003	0.0765331829	-0.0046264474	-0.1436038875	0.0241012227	0.005189226	-0.0700065256	0.09164497070000001	-0.1433808428	-0.0256770892	-0.0319286987	0.023106076	-0.0651003672	-0.000397948	0.07768523990000001	0.0923400945	0.0847527718	0.0725656218	0.0564400834	0.0372513456	0.0	0.0	0.0	0.00751094	-5.8599999999990266e-06	5.64142196836e-05	3.4339599999988584e-11	0.0214115	-0.023819200000000002	0.00045845233225000006	0.00056735428864	0.142049	-0.02249100000000001	0.020177918401000004	0.0005058450810000005	0.000529838	0.000992281	2.80728306244e-07	9.84621582961e-07	4.28149e-05	0.0	0.0	1.8331156620099995e-09	-0.000266236	-5.116099999999998e-05	2.617447920999998e-09	7.0881607696e-08	0.0	0.0
4529.927742308379	0.9441828222961705	20520245.350535084	0.8914812019191616	4777.780241391875	2.7269698164673173	7.436364379923794	22827184.035034604	4717.149194520224	0.09970154867369274	0.009940398807932722	22251496.5233628	4705.71347580217	3820.3538424808266	1.004932	14.693202	0.11937925	0.0698353	0.0920604363	-0.0500230596	-0.0098422996	-0.0546679125	-0.0027994986	-0.047024505999999994	-0.0873402668	-0.0582472775	0.0435250939	0.0044055503	-0.0182894205	0.0877768402	0.0121143358	0.0383124441	-0.08786629970000001	-0.078469292	-0.0111405136	0.0364907121	-0.0398483532	0.00807426	-0.0573184275	-0.0262700778	-0.0416041426	-0.050529232400000006	0.0888396414	-0.0563725792	-0.1601870856	-0.0317398038	0.0306212253	0.0607490125	-0.1016674487	-0.012916853	0.0775590711	0.0422179099	-0.00827927	-0.0054095278	-0.0701342875	0.0536251512	0.0081324203	-0.1505775315	0.0060660935	0.008651706	-0.0959478659	0.0439838696	-0.0536714978	-0.042956981500000005	0.0742930012	0.0702050326	-0.0100266672	-0.0500221372	-0.0048481419	0.015087741000000003	-0.0394664363	0.1473468386	-0.0267045199	0.07075476309999999	0.012625665900000001	-0.15656098300000001	0.09518044640000001	-0.10479701710000001	-0.0874604094	0.060620707300000014	-0.05029284059999999	-0.0376037953	0.0712177555	-0.0325566132	-0.07279612070000001	0.1156637215	-0.026464843199999998	0.0057771478	0.0182044566	0.0302319071	0.0196048178	-0.027840597400000004	0.0815471282	0.028284299300000006	0.0184561536	0.0516340029	-0.0214771865	-0.059651380199999986	-0.0372145095	0.030937508199999998	0.0386869853	0.0207515967	0.0119944721	-0.0079703681	-0.088438036	0.0338854619	-0.0873839242	0.0112669776	0.0395894771	-0.005695731	0.0102976918	0.017381186399999998	-0.0774040507	0.0610322808	0.0149360654	0.0370372135	-0.0162289202	0.0478965462	0.0249228202	-0.0849652381	0.0006725675	0.1877707744	-0.0367859323	0.11220072789999999	-0.0390632004	0.0487221017	0.010698015600000001	-0.0075560699	-0.0276804105	0.025213774300000002	-0.0234727907	0.028048658100000002	0.11978014769999999	-0.02727712	-0.056921405700000004	-0.1132497516	-0.0392289339	-0.053562949900000004	-0.0814149817	-0.1150676502	0.0370098262	-0.015621161299999999	-0.0397145155	0.0413449865	-0.0263180984	0.1155425174	0.0879495285	0.0195731206	-0.105523823	0.1056594155	-0.0554672379	-0.004449355	0.08446800380000001	0.0709100465	-0.0400343753	-0.0783070276	0.0197567981	-0.0114089422	-0.0230527463	0.0756864207	-0.0100483753	-0.0412989451	0.0842809487	-0.049814506900000007	0.013495980900000001	0.1109448894	-0.0283345011	-0.1136350606	0.0236611169	-0.047228541799999996	-0.014155968400000003	0.0609486336	0.0124202798	0.0256301109	0.0245808349	-0.0200285703	0.0920200721	0.08350957769999999	0.0699035991	0.0520323292	0.030986214900000007	0.0	0.0	0.0	0.00751094	0.0	5.64142196836e-05	0.0	0.0602846	0.0388731	0.00363423299716	0.00151111790361	0.171682	0.029632999999999993	0.029474709124	0.0008781146889999996	-0.000487625	-0.001017463	2.37778140625e-07	1.0352309563690005e-06	4.28149e-05	0.0	0.0	1.8331156620099995e-09	-0.000266236	0.0	0.0	7.0881607696e-08	0.0	0.0
4538.371351769663	8.443609461284723	20596814.526563603	71.29454073469688	4790.059105482968	12.278864091093054	150.77050336753447	22944666.234020296	4717.177078410321	0.027883890096745745	0.0007775113269273955	22251759.58907973	4707.439900750356	3835.292636372128	0.916293	13.397201999999998	0.0930726	0.06389890000000001	0.12052327439999999	0.012254303400000001	-0.0528019657	-0.0325341928	-0.0169340838	-0.08791991800000001	-0.1008805596	-0.12240758289999999	-0.0546872197	-0.0164068388	-0.0895542117	0.0452834183	0.0704694934	-0.1568772948	0.0063126016	-0.020439206	-0.058007188	-0.0306480977	0.0029898928000000003	0.0330758529	-0.0869090127	-0.1116999397	-0.0669350301	-0.028059440699999997	0.09312660240000001	-0.0052212042	-0.0393675416	-0.0359004337	-0.14071447869999998	-0.0294027475	-0.0198313951	-0.0499308885	0.1044540341	0.0714102138	-0.008767636899999999	0.057030443	-0.0644506063	0.0777749405	0.014536576399999999	-0.019687429399999998	-0.0424920413	0.029478150699999997	-0.0040179382000000005	0.0210328752	-0.0074389178	-0.1154089711	-0.0404478733	0.0523771988	-0.019611025	0.11504369769999999	-0.1122582449	0.0374238659	0.1004472303	-0.09078554039999999	-0.089193295	-0.0698065808	0.1221956734	-0.028735577999999998	-0.0475937708	-0.038865834	0.0354597814	-0.0769595698	-0.0601198115	-0.07019232660000001	-0.026655890699999997	0.0154409289	-0.0562126604	-0.027666598799999997	-0.060134352099999996	-0.0927656474	-0.0735587562	-0.08704954210000003	-0.0560039781	-0.0439180611	0.0886951574	0.0507020254	0.0102774026	0.10128308800000001	0.08738415349999999	-0.029142619100000006	0.08200951669999999	0.0245218239	0.044512292800000006	0.0289666254	-0.0097581921	-0.07028194480000001	-0.0762542427	0.10652978449999999	0.1193245155	-0.0205381372	0.0743912709	0.0630791788	0.0409836948	0.0592314521	-0.050099013899999996	0.0774159965	0.0060037680000000005	0.0226699266	0.0157945808	-0.0384475554	0.0541531991	-0.0543846618	0.046511497199999995	0.0430612075	-0.10966763	0.1005309582	0.07463633730000001	-0.0524626003	-0.0008838365	-0.0661370258	-0.0392309095	0.0892323552	-0.097029431	0.1002894759	0.0465093237	0.0176848703	-0.022123524500000002	-0.0164774383	-0.0374697042	0.0172801202	0.028794529500000002	-0.046616526900000003	0.0365077345	0.0564114973	-0.007703147	0.0584675326	-0.026839657599999997	-0.0677761289	-0.1460129164	-0.0842175871	-0.015543101100000001	0.1255923317	0.037095262999999996	-0.0902473694	-0.08197759339999999	0.0495860216	0.0348343237	0.08084417070000001	-0.0399538668	0.0182196649	-0.0417861856	0.0070994208999999985	0.1190765504	0.0746156435	-0.0352885056	-0.0534401656	-0.0140122687	-0.0057372201	0.0499466219	-0.0872670033	0.0729595167	-0.0730304283	0.0339507373	0.1168914118	-0.011715838000000001	0.0081155274	-0.0812955018	0.0794403652	0.09168162210000001	0.0821994937	0.0671156055	0.0474578998	0.0245660166	0.0	0.0	0.0	0.007521039999999999	1.0099999999999e-05	5.6566042681599974e-05	1.0200999999997978e-10	0.052185400000000014	-0.008099199999999994	0.0027233159731600005	6.55970406399999e-05	0.139629	-0.032053	0.019496257641000003	0.001027394809	0.000507441	0.000995066	2.5749636848099997e-07	9.90156344356e-07	4.28149e-05	0.0	0.0	1.8331156620099995e-09	-0.000203096	6.314e-05	3.9866596e-09	4.1247985216000004e-08	0.0	0.0
4542.573309016387	4.2019572467233965	20634972.267788086	17.65644470329126	4820.57776768641	30.51866220344164	931.3887426877769	23237970.01431249	4716.169338350471	-1.0077400598502209	1.015540028226927	22242253.22799712	4706.582485353959	3897.0653251514614	0.905611	13.241018	0.07790319999999998	0.0566427	0.1584139643	0.0201415821	-0.011444461699999998	-0.0314299284	0.0050247969	-0.1059872716	-0.1459022492	0.0436261654	0.0184301446	-0.0195624307	-0.0637704464	0.0063757327	-0.0154897112	0.04250116809999999	-0.023265343900000002	-0.0904996514	-0.0194012952	0.0102705754	0.0489389567	-0.0849706415	-0.06512463980000001	-0.0479487656	0.017916915500000002	0.0382779003	0.007947294	0.0726356295	-0.07502130929999999	-0.0759959633	0.0519153629	-0.09146598789999999	0.0500291538	-0.0067484014	0.031026917999999997	-0.0646941142	-0.08272883519999999	0.022741278700000003	-0.06443619589999999	0.0473544046	-0.10714369300000001	0.0103450703	-0.0204614377	0.0483303703	0.0959365854	-0.028289215299999997	-0.1348017883	0.0228347015	0.0788580179	0.0707909902	0.1431610988	-0.054471877800000006	0.0897251568	0.104291983	0.013911022	0.039765292599999995	0.0391343866	-0.05874644320000001	-0.0597202462	0.0296057834	-0.07437840400000001	0.1172149098	-0.0309672181	0.0799826387	0.1713555948	-0.0218685443	0.053033142	-0.0022068675	-0.0362620774	0.0253374707	-0.029648414300000002	-0.0669001444	0.0335217875	-0.0632611594	-0.0354214869	-0.0327706286	0.0646644686	-0.1188833021	0.066097312	0.037634103599999996	0.0617530235	0.0677369688	-0.0116175455	-0.1124443259	-0.049257109	0.1123957016	-0.012110586999999999	-0.0694154569	-0.0591901414	0.029709506899999998	-0.08248932240000001	0.0582676295	0.0721283507	0.0608608093	-0.0656624717	-0.0125204373	-0.09951046359999999	0.0281564188	0.0252052506	-0.0226833556	0.1225656726	0.0243749846	0.0683396065	0.0087517547	0.1747587061	-0.0021363368	-0.0323596069	-0.09030421949999999	0.0694667056	0.0675876654	0.0398679679	0.0422263142	-0.10467041140000001	-0.0326522363	-0.0348442667	-0.0297377539	-0.0613136085	0.0462975141	-0.1069729386	0.0676982745	0.0801843632	-0.0035401935	-0.03816176	-0.0536233026	0.0614201301	-0.09873778050000001	0.0958724287	-0.0898833247	-0.0328456581	-0.07842826879999999	0.07242098400000001	-0.0141892728	-0.0278953519	-0.0553457663	-0.0073374656000000016	0.0321501385	-0.042327658399999996	-0.0669327679	-0.0799869686	-0.0905065133	0.0437015716	-0.0711911751	0.087256291	0.12069475310000001	0.0540514298	0.038750076	0.060784824	0.0009169177000000001	0.0470312878	0.0284154897	-0.016185271	-0.0348634563	0.036305296699999996	0.0836933834	0.047286300499999996	0.09604215210000001	-0.042532805099999994	0.0238407208	-0.1270217036	-0.06381954969999999	0.0913248123	0.080823569	0.064206665	0.0427314484	0.0180228799	0.0	0.0	0.0	0.00751094	-1.0099999999999e-05	5.64142196836e-05	1.0200999999997978e-10	0.061223300000000015	0.0090379	0.003748292462890001	8.168363641000003e-05	0.15360299999999996	0.013973999999999959	0.02359388160899999	0.00019527267599999884	-0.000527043	-0.001034484	2.777743238490001e-07	1.070157146256e-06	4.28149e-05	0.0	0.0	1.8331156620099995e-09	-0.000266236	-6.314e-05	3.9866596e-09	7.0881607696e-08	0.0	0.0
4536.674012523582	-5.899296492804751	20581411.095906816	34.80169911001844	4815.2258269244985	-5.3519407619114645	28.643269919009466	23186399.76428072	4720.711897708697	4.542559358225844	20.634845523005193	22285120.821168445	4711.499028355786	3881.5203389176827	0.917082	13.408738	0.019248069999999985	0.0171449	0.13335479320000002	0.0021767605	0.0353707673	0.043634785499999995	0.0205495652	-0.0664117771	-0.0628331241	0.0410031979	-0.11858018570000001	0.0546571456	-0.043632973600000007	0.046969982300000004	0.038809808700000004	-0.0361044017	0.058509296100000004	0.0369390551	0.0672427576	-0.0274006	0.015680616799999998	0.0452226894	-0.0369150992	-0.10480073210000004	0.0760474403	0.2006231639	0.08154538809999999	-0.0416563963	-0.0840649205	-0.0126661072	-0.10310953140000001	-0.047060883899999996	0.050441095400000004	0.055308034299999996	-0.0592290526	-0.0369810201	-0.0704565144	0.0939404583	-0.0762072562	0.0878378052	-0.043595328600000004	0.06940616969999999	-0.1147673576	-0.0325025108	-0.0738001809	0.0485383548	0.0639324866	-0.0005914309	0.0599224979	-0.078594278	-0.0113106274	-0.0447755087	-0.0358519827	-0.0513133022	-0.026529811	-0.12485893099999999	0.1180052639	-0.0340556024	0.0482858471	0.0532364487	-0.052619150700000006	0.1166679949	-0.023133038999999998	0.1172922241	0.09783726179999999	0.0352021336	0.09754471560000001	0.1130630616	-0.06993014139999999	-0.0510573892	-0.052960471399999993	0.0028348704	-0.0077603087	0.0816287424	0.024960006899999998	-0.0378369966	0.013833511299999999	0.0698096896	0.0332313983	-0.0614598985	-0.2130428246	0.037425145800000004	-0.0674327892	0.052360935899999995	-0.0016729466	0.0045726405999999995	0.058531904	-0.0592026516	-0.0415595404	0.025920099500000002	0.07531941959999999	-0.0184741837	-0.015190756699999999	0.0320625954	-0.0109174576	-0.0653854028	0.012835731599999999	0.0053776384	-0.0208999923	-0.055529551600000004	0.2020617864	-0.1498757026	-0.0015695573000000002	-0.0179559442	-0.0176890979	0.05359639150000002	-0.1066428862	-0.06649561150000001	0.036999575800000004	-0.040912388	-0.019721414	0.09387263119999999	0.015007202800000001	-0.024882494300000002	-0.0955975663	0.1705655264	-0.0143243607	0.0170785962	0.1228873973	-0.024844841800000003	-0.063571897	-0.027309001	-0.108223595	0.020062278200000002	-0.0668273623	0.0676717611	0.0107301091	-0.0609656117	-0.009848282199999999	-0.02619248	-0.07886074	0.0245246289	0.0830520913	-0.1046733845	-0.0393773425	0.030495045	-0.0681939728	-0.0186919791	-0.1670706163	-0.0418929336	-0.0172604244	-0.1339362435	-0.016258778	0.1253004192	0.0743949386	-0.061948308	-0.0558502168	0.0347460177	-0.0029632103999999997	0.015446226799999999	-0.047979236200000004	-0.020510318700000002	-0.05044661860000002	-0.013923776100000002	0.0063971081999999995	-0.0086391481	-0.090117251	-0.18870529960000001	0.0875796019	-0.043293037400000005	0.0909497141	0.0793829058	0.061182019800000015	0.0378681153	0.011389549399999999	0.0	0.0	0.0	0.00751931	8.3700000000006e-06	5.654002287610001e-05	7.005690000001004e-11	0.061356	0.0001326999999999856	0.003764558735999999	1.7609289999996184e-08	0.153593	-9.999999999954491e-06	0.023590809649000004	9.99999999990898e-11	-0.00020248	0.00032456300000000004	4.09981504e-08	1.0534114096900002e-07	4.28149e-05	0.0	0.0	1.8331156620099995e-09	-0.000208859	5.7376999999999976e-05	3.292120128999997e-09	4.3622081881000015e-08	0.0	0.0
4527.990749576952	-8.683262946629839	20502700.22825445	75.39905540031471	4837.872576258399	22.64674933390052	512.8752553925235	23405011.06411308	4721.263436617048	0.5515389083511764	0.3041951674252073	22290328.437937014	4711.886949471623	3813.101680097535	0.936799	13.69701	0.05515664	0.0280942	0.0641179994	-0.0312855011	0.0372818339	0.0380376548	0.1143125071	0.0284316781	-0.0232646679	-0.0468333102	0.0586002483	0.0656821123	-0.0560150704	0.0275504162	-0.0266322403	0.125077704	0.0349461686	-0.050158423	0.1031578284	-0.030586145	0.026672602400000002	0.0835430467	-0.023684058900000002	-0.0307237492	0.0779813216	-0.0442968514	-0.06461905030000001	0.0114557229	-0.040362868999999996	0.0731203357	0.0053531596	-0.0735800644	0.0103294201	-0.0655376161	-0.1580057811	-0.0455093732	-0.018147136100000003	0.0510170316	0.1293971191	0.0304701468	0.069881292	0.0854780582	-0.1250861725	-0.0820933541	-0.0001619283	0.0682240614	-0.0130399585	0.0959440891	-0.09173931699999999	0.019606523	-0.053054075199999995	-0.0386626194	-0.029823385600000002	-0.066383407	-0.036878455899999996	-0.0837841518	-0.0792246653	-0.0505839016	-0.0845932257	0.014068595	-0.0392632385	-0.1330446996	-0.1377035856	-0.0161198192	-0.0068015328	-0.016536357800000002	0.003438208	-0.0417074001	0.0656764241	0.1652710107	0.013324196399999998	0.09093252119999999	-0.050770192699999994	-0.0269354138	0.0918211584	-0.022831507200000004	-0.0144864443	0.0713482742	-0.0616799335	0.0664231911	0.0841427332	0.1136570312	0.0712730948	0.027436593199999998	-0.086511829	-0.0394741693	0.0646860507	-0.075433655	0.0018632288	-0.0497725309	-0.0946345736	-0.042679154000000004	-0.041335427599999995	-0.031602379300000004	-0.009591093699999999	-0.0926198286	0.05811199349999999	0.0899283652	-0.0180445893	-0.0459862866	0.0448063762	0.0485369713	-0.077472657	-0.008993869100000001	0.0047294016	-0.053839549199999996	-0.0317536333	-0.1596735767	-0.088216086	-0.1485542927	0.0159461716	0.0836825334	-0.038946362400000004	0.0122770776	0.06699045	0.0664274794	-0.0081323566	0.1036502418	0.0829720871	0.08677084880000001	0.0101968489	-0.07830128410000001	0.0330467752	0.0411584052	-0.0883952549	0.0049080461	-0.0572870788	-0.0017245893	-0.0457006638	-0.030181523199999997	-0.0266801238	-0.0079866287	-0.0378848606	-0.0320070121	0.038385636800000004	-0.1506411947	-0.009310179	0.0498334367	0.14131253800000002	-0.10698219279999999	0.0910200565	-0.0834064788	0.0344898678	-0.1121649858	-0.0791758243	0.0357216336	0.105733235	0.0067562312	-0.0291927827	0.042849124800000006	-0.0750279595	0.024574081499999997	0.0084397421	-0.042960226	0.0775355861	-0.0567234181	0.045004422999999995	0.0601697945	-0.060886536399999996	0.08804370789999999	0.0905564026	0.077878658	0.0580471204	0.032883479199999996	0.004699221	0.0	0.0	0.0	-0.0022069000000000004	-0.00972621	4.870407610000001e-06	9.459916096410002e-05	0.0614722	0.00011620000000000381	0.00377883137284	1.3502440000000885e-08	0.173881	0.020288	0.030234602161000008	0.000411602944	0.00016211899999999998	0.000364599	2.6282570161000002e-08	1.3293243080099998e-07	4.28149e-05	0.0	0.0	1.8331156620099995e-09	-7.29334e-05	0.0001359256	1.847576873536e-08	5.3192808355599996e-09	0.0	0.0
4522.070249630943	-5.920499946008931	20449119.34259726	35.052319610691754	4783.507178003138	-54.36539825526143	2955.596527453182	22881940.922007546	4720.122711850584	-1.1407247664637907	1.30125299282387	22279558.41492771	4710.89958291687	3770.550355817244	0.912846	13.346795000000002	0.048566355	0.0293705	0.027706522	-0.032518187999999996	0.0287576729	0.1607359602	0.0383561937	-0.0023641176	0.0041617313	0.083754374	-0.0687151456	0.0651394713	-0.0417722187	0.017593408999999997	-0.0757566287	0.0129866453	-0.09267220400000001	0.0378856032	0.026254655699999997	-0.1181699961	-0.0647829556	-0.044431674000000004	0.0309001208	0.0252457348	-0.0530179097	-0.09440730359999999	-0.034501393	-0.0252456501	-0.0186411906	0.0706654227	-0.1228674016	0.00556256	-0.0255040717	-0.023259313900000002	-0.1566802576	-0.1027155955	-0.10995451630000001	0.08808569109999999	0.042503287300000005	-0.0454314754	-0.0300388076	0.0196346968	-0.16217826119999998	0.0437968241	0.09728229320000001	-0.041040049	-0.043392963799999996	0.0217153829	0.0358010144	0.0401800968	-0.1217901665	0.011704911799999999	0.0221310602	-0.044941715099999995	-0.0672457115	0.070482196	-0.0827374756	0.0774373806	-0.0380317918	0.046788335300000004	-0.115959859	0.0047401264	0.0110217914	-0.0342996965	0.0805305783	-0.0336277413	0.017151420900000002	0.0373636988	-0.1086434973	-0.0200734064	0.0483071795	-0.0420233974	-0.0675868197	0.0870565285	-0.0168125225	-0.0685076226	0.0596714438	-0.0132677795	0.0911440431	-0.0453764621	-0.021130455299999996	-0.0393153069	-0.018348984	0.0678199368	-0.0792815892	-0.0818992531	0.06570836099999999	-0.0572485159	-0.0083279412	-0.08795493380000001	0.025383855499999997	0.0591866681	-0.021903539399999998	0.017851445	0.0719408726	-0.038328073500000004	-0.0986158318	-0.0350891516	-0.026896102	0.0139785617	-0.1024544102	0.0412173973	-0.052619024	-0.0538145143	-0.005930786899999999	-0.055215867300000006	-0.07520139070000001	-0.0348568046	0.0139089914	-0.1291045488	0.046909988099999994	0.2252122034	-0.0058417830000000006	-0.0261911737	0.05235458230000002	-0.0056498689000000005	-0.0821532499	0.1482886448	0.0042554587	-0.0289531469	0.0620071554	0.053709842	-0.004491532	0.039729795899999996	-0.0243473971	-0.0013987261	-0.0537790703	0.0654237927	-0.0436262343	0.0881774308	0.0268375245	0.1008172943	0.025086031600000003	0.0886904461	0.1184892641	0.023549185299999997	-0.0840798135	-0.058569051799999994	0.015130713799999999	-0.0256630529	0.047252060199999994	-0.103667804	-0.0084211823	0.0847560851	0.0322415793	-0.0698005741	-0.0442932658	0.047412021900000004	-0.0082183592	0.02278277	0.0660129102	-0.0844613507	-0.011598058799999998	-0.0174030224	-0.019168272099999998	-0.0893484782	-0.037369561600000004	-0.024144920299999997	0.0385469902	-0.0047431332	0.0901449566	0.0763120305	0.0548076162	0.0277935075	-0.0020146242	0.0	0.0	0.0	0.00132383	0.00353073	1.7525258689e-06	1.24660543329e-05	0.0445016	-0.016970600000000002	0.00198039240256	0.0002880012643600001	0.186149	0.012268	0.034651450201	0.00015050382400000006	-0.00014767	-0.00030978900000000004	2.18064289e-08	9.596922452100001e-08	4.28149e-05	0.0	0.0	1.8331156620099995e-09	-7.90849e-05	-6.151499999999998e-06	3.784095224999996e-11	6.25442140801e-09	0.0	0.0
4511.692836407544	-10.377413223399344	20355372.250091147	107.69070520918356	4787.425134637139	3.9179566340017122	15.350384185918026	22919439.419755436	4715.086156465956	-5.036555384627718	25.366890142422463	22232037.462896906	4704.798089628811	3688.833000592145	0.959044	14.022264000000002	0.05227938482999999	0.0278118	-0.0468189462	0.0061712582	-0.0003947622	0.0435601521	0.0557719504	0.1783240721	-0.0035624328	-0.0844994366	-0.0913385906	0.0063890081	0.0015392124	-0.0371597105	-0.0994514968	0.0807218371	-0.059056244	0.0345368627	0.0525715076	0.00033066	-0.0715823072	0.016171276499999998	0.0251170132	0.0035461337	-0.0057625855	-0.06459798509999999	-0.0473463737	-0.0658382891	0.041375221499999996	0.0189139842	-0.1004195823	0.12280884730000001	0.0593376153	0.0034891398	-0.09362629300000001	-0.0463016019	0.0286796431	0.0625774383	0.061596156900000004	-0.0181407614	-0.052441648099999995	-0.030899829500000007	0.017230866799999998	0.1314000143	-0.0717246561	-0.0105375972	0.0344418294	0.0903618945	0.0892547158	-0.053852554500000004	-0.018643311699999998	-0.0038166659	-0.029399942000000002	-0.0410452817	-0.070204483	-0.0216001658	-0.0763874329	0.111653715	0.048167554	0.0136822274	0.0617619162	-0.0264824512	0.1285118798	-0.1132411767	0.14946330230000002	-0.0789391857	-0.0603110782	0.040573383399999996	-0.08627221560000001	0.021928684900000002	0.058491334900000004	0.033518174500000004	-0.0006742022999999999	-0.095197005	0.0979813715	-0.1245071313	-0.049439616900000004	0.1269224662	0.0114568324	-0.0105586439	0.0691366637	-0.0663079283	0.0100227137	0.0735783044	-0.007173256899999998	0.032187308	0.0004294208	-0.0104690676	0.05677403900000001	-0.1202327728	-0.0414448035	0.029195618700000002	-0.046011851500000006	-0.0906650404	0.017185723400000002	-0.029068478199999997	-0.0285413256	0.0093137817	-0.0409737198	0.0311692837	-0.0677270843	-0.012854287800000001	-0.10453200970000001	-0.043202160999999996	-0.0471961361	-0.0201190772	0.0075030592	0.0074318351	0.0387184947	-0.0916371338	0.0338944654	0.0661493993	0.0870991444	0.028276948399999998	0.0363114431	-0.0659017985	-0.08833846210000001	-0.012016666499999999	-0.003072806	-0.0863938693	-0.030899145899999998	-0.0352808756	-0.11398994679999999	0.0329421758	0.0502924203	0.09374450529999999	0.0091304935	0.0037588584999999996	0.0553503563	0.0808120179	-0.0540887993	0.0383057907	-0.1068594452	-0.0290408487	0.0435673041	0.1429414206	-0.039052300899999996	-0.0967978609	0.2047484843	0.0711814307	0.045007438	-0.09182162869999999	0.0110909534	0.0455727207	0.030472532599999998	-0.0071172453	-0.0643655008	0.0991907038	0.0659016987	-0.0682057563	-0.030130008399999998	-0.031207031099999998	0.0208189804	-0.17679952489999998	0.0187251573	0.0482955342	-0.0916080166	0.048751631399999995	-0.0143303959	0.0147057178	0.0897154585	0.07468427820000001	0.051469345	0.022614504700000003	-0.0087183875	0.0	0.0	0.0	-3.52483e-06	-0.0013273548300000001	1.2424426528900001e-11	1.7618708447243287e-06	0.0314301	-0.0130715	0.0009878511860099998	0.00017086411225	0.192095	0.005946000000000007	0.036900489025	3.535491600000008e-05	0.000366621	0.0005142909999999999	1.3441095764099994e-07	2.64495232681e-07	-4.40467e-05	-8.68616e-05	7.544937554559998e-09	1.94011178089e-09	-4.154689999999999e-05	3.753800000000001e-05	1.4091014440000004e-09	1.7261448996099993e-09	0.0	0.0
4507.33714003954	-4.355696368003919	20316088.09397982	18.97209085024253	4751.97152705626	-35.45360758087918	1256.9582904989736	22581233.393953405	4708.777592747435	-6.308563718521326	39.79797619064364	22172586.417960327	4697.259473174739	3648.4194896162403	0.941471	13.765329	0.07793999483000001	0.0393076	-0.0889616201	0.018641526999999998	-0.013013327600000001	0.1024282606	-0.0241626211	0.1121498616	0.09286108480000001	0.0005827191	0.1043826206	-0.0679577322	0.0711316501	-0.011445870300000001	-0.0076736131000000015	0.08703902880000003	-0.047484220300000005	-0.0315700917	-0.0837730979	-0.0062565737	0.0613756209	0.067149396	-0.0104686035	0.08539559699999999	-0.0011849892	0.0720716288	0.0507923786	-0.1267167976	0.0801169779	-0.0473487784	0.0408069078	0.11903760810000001	0.0201511164	-0.0022459396	-0.0909164538	0.0636804575	0.0467222635	0.1052623254	0.1264402752	-0.11683016130000001	0.0879645364	0.1045103053	0.0623185417	0.0678361759	0.031074051800000002	0.0654404747	0.0568581998	0.0041656868	-0.010842568	-0.036025741800000004	0.051553017	0.10254733810000001	-0.063773542	-0.0122774378	0.09247287400000001	-0.0068598686	-0.06024286280000001	0.046950919	-0.0462316984	-0.0649819299	-0.015204813400000001	-0.0008325272	0.0817642907	-0.0840835075	0.012898258400000001	0.0713569208	0.0727138359	0.0575106984	0.18805970019999999	-0.006586693100000001	-0.0635434547	0.1892331696	0.034055976200000004	-0.0074038426	0.06401189089999999	0.0690523379	0.0175069905	-0.0795976118	0.070191913	-0.0671662802	0.0067784496999999996	0.0470235675	0.1429781246	0.042570638200000004	0.0349758113	-0.060260460999999994	-0.0677447179	0.068194477	0.034284779	-0.073331496	-0.1116899599	0.06259390940000001	-0.0394884241	0.0455185596	0.0140689978	0.0814829575	0.10602054609999999	-0.013686996299999999	0.0186268479	-0.0779344959	-0.0108166301	-0.1588875715	-0.004766006	-0.061141721399999995	-0.0466885878	0.0321719052	0.09157701900000001	0.000749239	-0.0865125633	-0.0662246883	0.04885916269999999	0.0164074011	0.1670565286	0.0935947547	0.1422491612	-0.0174435064	-0.0385066367	-0.0583901686	0.0034049188	0.096152332	0.0217532961	0.0438779362	0.056686910300000004	0.015795935	0.041764720899999996	0.1236415799	0.0071535958999999994	0.0041568939	0.085297564	0.001469279	-0.0519516813	-0.0593687808	-0.0164671693	0.0660379272	0.0683438011	0.04903904	0.0446956767	-0.11589356699999999	0.012044683600000002	0.0074957259	-0.0998080908	0.004607626	0.0068907361	-0.1919400788	-0.0273581369	0.05047283	-0.0401909821	-0.1094382174	0.0073191694	0.09096421619999999	-0.16762260880000002	0.0463973729	0.0022121438	0.049723614000000006	-0.0887729682	-0.0988918979	-0.0316096092	0.0308291983	-0.0201207108	0.0289706725	0.0892679943	0.0729967048	0.0480383225	0.0173630609	-0.0153785204	0.0	0.0	0.0	0.00344094	0.0034444648299999997	1.18400680836e-05	1.186433796510693e-05	0.061393	0.0299629	0.003769100449	0.00089777537641	0.206959	0.014863999999999988	0.042832027681	0.00022093849599999965	-8.60258e-05	-0.0004526468	7.400438265640001e-09	2.0488912555024e-07	4.28149e-05	8.68616e-05	7.544937554559998e-09	1.8331156620099995e-09	-9.54111e-05	-5.386420000000001e-05	2.901352041640001e-09	9.103278003210002e-09	0.0	0.0
4510.896653312997	3.5595132734570143	20348188.6168704	12.67013474391667	4749.454554915428	-2.5169721408319674	6.335148757724258	22557318.56920691	4710.095679764432	1.3180870169971968	1.7373533843765685	22185001.31253557	4699.359671608669	3627.211953736256	0.9658350000000002	14.121557	0.091437635	0.046144800000000014	-0.0954241499	0.044229003899999994	-0.0299334773	0.0891162964	-0.0731516603	-0.0251124383	0.15599767550000002	-0.0571069876	0.031851273799999996	-0.0689778133	0.0306545461	-0.066994953	-0.0223828719	-0.1942275612	-0.0183323347	0.0623744313	-0.0311987354	0.0418818218	0.0087947161	-0.0089945594	0.0545293041	-0.051574708600000005	-0.029491182799999998	-0.0753456585	0.0035589784999999997	-0.0002969887	0.0698079933	-0.072700005	0.1755767834	0.057194973600000004	0.1053587275	0.0088340393	0.0252524711	0.002062266	-0.1217717641	-0.1335667964	0.04901622940000002	0.04682652019999999	0.014553241599999999	-0.1532017162	-0.17497279999999998	-0.0189711045	-0.0440556023	-0.063734964	-0.018743708300000002	-0.0325467679	0.006297061999999999	-0.0345766861	0.07413089190000001	-0.0473131785	0.07508265809999999	-0.0765297823	-0.11079333109999999	-0.057382721799999994	-0.07509131549999999	0.0341227131	-0.0442340949	-0.0339838073	-0.0768494881	-0.0846914553	0.011232271100000002	-0.0361081132	-0.019453611200000002	-0.0639579265	-0.0616785761	0.0495244106	-0.0411297959	-0.0558650976	-0.1147627496	0.1670626093	0.0905361507	0.0623365838	0.1082025023	-0.0473359716	-0.047838105	-0.0312137494	-0.0085857355	-0.0144595643	0.0356459756	0.0192402452	0.0317921524	0.07380185980000001	-0.050001083700000004	0.0629889463	-0.0772527767	0.0265973373	0.0657497535	-0.0241074944	0.18267813239999997	0.0510693496	0.0782119047	0.041845857	0.0618230678	0.022432388900000003	0.09692805550000001	0.0071111184	-0.05774181320000001	0.1605412538	-0.0803198972	-0.031194479	-0.0207491267	0.0135499018	0.0449321561	-0.0197503313	0.17724360460000002	-0.1262466425	-0.026722631299999997	0.131918068	-0.08074007429999999	0.0039390666	-0.1129309782	0.0044517137	0.0780290584	0.023871811099999998	0.0844953724	0.1027872544	0.07870443349999999	-0.1925312921	-0.0335316523	-0.034313496400000004	-0.0036824822999999996	-0.054512047599999995	-0.0230344029	0.028033418199999997	0.0383139103	-0.1520481429	-0.0344939099	0.0167044017	0.0472506972	0.1408920425	-0.1085975705	0.0588391826	0.0478326781	0.0005960214	-0.0029968794	-0.061824584400000014	0.032275255	-0.0049534703	0.0903110956	0.0589973455	-0.0639987267	-0.0460878213	0.06392915019999999	0.08689623029999999	-0.1198102207	-0.0169524042	0.0380313321	0.0661996487	-0.1053618139	0.0997511385	-0.0141381293	-0.0365998467	0.052670783	-0.0200892521	-0.0205508795	0.0544910215	0.0345985314	-0.049893048200000005	0.08880265359999999	0.0712506621	0.0445207318	0.0120559979	-0.0219616929	0.0	0.0	0.0	0.00751094	0.004070000000000001	5.64142196836e-05	1.6564899999999998e-05	0.0285181	-0.032874900000000006	0.0008132820276099997	0.00108075905001	0.18798	-0.018979	0.0353364804	0.0003602024409999999	0.0004534230000000001	0.0005394487999999999	2.0559241692900004e-07	2.910050078214401e-07	4.28149e-05	0.0	0.0	1.8331156620099995e-09	-0.000266237	-0.0001708259	2.918148811081e-08	7.0882140169e-08	0.0	0.0
4519.086381001828	8.189727688831226	20422141.7189562	67.07163961720886	4732.8527386730375	-16.601816242390672	275.62030254610664	22399895.04596487	4713.375032334974	3.27935257054196	10.75415328192016	22215904.19543872	4701.5214294867055	3674.3179783136356	0.974649	14.250421	0.05100575600000001	0.0199712	-0.0472135981	0.0392872398	-0.0165390915	-0.028766152000000007	-0.0240744287	-0.016898612099999998	0.0456401555	0.08628856160000001	0.0046312152	-0.0423103252	-0.0498469984	-0.1295449341	0.0367971108	-0.1570327786	-0.0679016994	-0.1682563247	-0.1933085857	0.0363477569	-0.0010054203	-0.08639701529999999	0.0625695908	0.0395545889	0.0736321662	0.0740769597	0.0094915101	0.0110127992	0.0082555953	0.008905322	0.0527557607	-0.0697193272	0.0163376509	-0.0478825183	-0.0047284425	-0.0749207739	-0.0334095481	0.0034107528000000002	0.019579492900000002	-0.0890060289	-0.05276959480000002	0.0158203487	0.013211823700000002	0.1453377174	-0.0450968573	-0.09003924519999999	0.0956396933	0.1115139899	-0.041227170099999995	-0.0877934277	-0.023098845899999998	0.0571223037	-0.05642677610000001	0.0765387734	-0.0146388974	-0.014478838300000001	-0.0154154048	0.0201592169	-0.021408026099999998	0.0595919381	0.1516337828	0.10258248630000001	-0.0104608771	0.0413685414	-0.082976905	0.1304585034	-0.0480351517	0.0249233352	-0.0556609197	0.1426809161	0.06094147110000001	-0.0549528678	-0.1094512992	-0.0369647795	0.0428363416	0.0563497279	-0.023091027400000002	0.08423835589999999	0.083929676	0.06458603730000001	-0.044912786600000004	-0.0603307633	-0.0933986876	-0.1370781194	0.0013020311	-0.0367213327	-0.0598640844	-0.0226598808	0.11147424619999999	0.0684572069	0.0008335291	0.0584558268	0.2066185658	0.02134063	0.0702855817	0.20386475969999998	0.016282696200000002	-0.1275087188	0.029165242999999997	-0.03138338	0.0908180228	0.028874353	0.0790075065	-0.0032637168	0.029800192599999997	-0.037221258300000004	0.015887593300000002	-0.0088307896	0.0431890294	0.0150954523	0.0053408529	0.0198083275	-0.010527513799999999	-0.0003293351	0.0690580304	-0.0718583232	-0.1343695678	0.0103766027	-0.0853525772	-0.0378275851	-0.10622724289999999	-0.0312498971	0.0351137033	0.1208376467	-0.0147075956	-0.0019320042999999999	0.048093190999999993	0.0178967306	0.0616992021	0.0917943178	-0.12129169039999999	0.007474434499999998	0.0192086739	-0.13235484949999998	0.0003817169	0.022564187200000002	0.0625204841	0.11277150289999999	-0.0199790761	0.018380665600000002	-0.0374251118	-0.0190698795	-0.0268701384	0.0714942477	-0.146550566	0.0919912897	0.12218924169999999	0.0604281438	-0.0255874988	-0.06275677	-0.0034397827	-0.0069700486	0.0539646933	-0.071436591	-0.051311399199999996	-0.06449249259999999	0.12220285869999999	-0.0871470641	0.0157345216	-0.0616023086	0.08831952960000003	0.0694475486	0.0409229116	0.006710316	-0.0284349602	0.0	0.0	0.0	-0.000401436	-0.007912376	1.6115086209599998e-07	6.260569396537601e-05	0.0384475	0.009929400000000005	0.0014782102562500002	9.85929843600001e-05	0.180256	-0.0077240000000000095	0.032492225536	5.966017600000013e-05	0.000364274	-8.914900000000006e-05	1.32695547076e-07	7.947544201000011e-09	-0.000175624	-0.0002184389	4.7715553033210006e-08	3.084378937600002e-08	-6.50253e-05	0.0002012117	4.048614821689e-08	4.22828964009e-09	0.0	0.0
4514.233990455894	-4.852390545934213	20378308.520587344	23.54569401027173	4757.995460380207	25.142721707169585	632.1564548441767	22638520.800998654	4712.374022869285	-1.0010094656890942	1.0020199503991658	22206468.93141325	4701.827294348009	3687.0027876745467	0.926411	13.545132	0.061086306000000014	0.0345023	-0.060229128099999994	0.0485138908	0.026459491800000002	0.0402322934	0.0372602141	-0.045507304400000004	0.151870382	-0.028525173900000002	-0.0295633344	-0.0369347442	-0.0237450573	-0.0715435274	0.01515254	-0.0844367932	-0.06218718490000001	0.047814030099999995	-0.20294282800000002	0.015483358899999999	-0.093669975	0.1147843244	0.0016905527	0.0725531234	0.139483226	0.013819177299999999	0.0884600825	-0.043115335	0.0431042164	0.0355272197	0.0164426834	0.10407169710000001	-0.0290509723	0.0054870754	0.046648338600000006	0.0019442103	0.0822112094	0.0475851191	-0.0247169172	0.015895563799999998	0.055623757999999995	0.0009461621000000001	-0.014829406000000003	-0.07888989019999999	-0.0042332681	-0.0781023404	-0.1133529159	0.1130893486	-0.0506276332	-0.034024380800000004	-0.09531281720000001	-0.08156668019999999	-0.06413610480000001	-0.0114908982	-0.0646075478	-0.0164706399	0.1067667066	-0.0654119546	0.0816082141	0.0413691379	-6.12678e-05	-0.0919025282	0.0851367007	0.0259175973	0.0615615431	-0.0429757114	0.145730419	-0.0214416788	0.0213220665	0.023693787	-0.0401768097	-0.018326348200000002	0.0882958932	0.0511947558	-0.0199985659	-0.024572221499999998	-0.0767832485	0.06393609110000001	-0.0776268084	0.07404989999999999	0.0202532836	-0.0186917718	-0.0202853574	0.0287945198	-0.131805086	0.0313680494	-0.051552971100000004	-0.0168806089	0.08458786859999999	-0.0236006997	0.0770914108	0.0639573383	0.0125593818	-0.0562309259	0.09034748779999999	0.2361328895	0.1128394031	-0.009749245600000001	0.0714989646	-0.0198606097	0.0063763961	-0.0729645922	-0.0534596374	-0.0567456846	-0.1066369533	0.0770568163	0.0635737755	0.0040051176	0.0211051157	0.0022915120000000003	0.0784697643	-0.031138013	-0.0179082993	0.0243777035	-0.0531331003	0.06075995	0.028403108599999997	0.023887057799999997	0.0618462745	-0.041894504	0.148276097	-0.0907720231	0.029209909300000007	0.0017574198000000001	-0.0931375764	0.00036110559999999995	-0.0066574425	0.0112021619	-0.15792132849999999	0.0460422254	-0.0076960192	0.0053493404	0.044547699	-0.0220719388	-0.1375231171	-0.033930830099999996	0.0263455039	-0.0632349967	0.0261138773	0.0434796499	-0.0240913635	-0.0018745647	-0.013000479099999998	0.0005963421	0.10035000109999999	-0.1278290739	0.0888446308	0.036786997599999996	-0.057662980499999995	0.0402428822	-0.0037112227000000004	0.0748553232	-0.037337290499999995	-0.0206960199	0.1198867832	0.025501955299999997	0.0015000519	0.0373838185	0.07618903519999999	0.0390104654	0.087818719	0.06758880860000001	0.0372513456	0.0013431389	-0.0347659273	0.0	0.0	0.0	0.00751094	0.007912376	5.64142196836e-05	6.260569396537601e-05	0.0406656	0.0022181000000000006	0.0016536910233600002	4.919967610000003e-06	0.180343	8.700000000000374e-05	0.032523597649	7.569000000000653e-09	-0.000233452	-0.000597726	5.449983630400001e-08	3.572763710760001e-07	4.28149e-05	0.0002184389	4.7715553033210006e-08	1.8331156620099995e-09	-0.000266237	-0.0002012117	4.048614821689e-08	7.0882140169e-08	0.0	0.0
4509.268641283175	-4.965349172718561	20333503.679259814	24.654692407016896	4758.415455731479	0.4199953512716093	0.17639609508976245	22642517.649344213	4710.554987344004	-1.819035525280924	3.308890242234048	22189328.28879147	4698.497356301361	3639.4001733330188	0.956211	13.980838	0.06065831500000001	0.0368677	-0.1223042891	0.031286075499999996	0.0540664712	-0.081581251	0.0588221891	0.0323705609	0.1109874776	0.0387516439	-0.0205330598	-0.0295932515	0.050988684000000006	-0.0632900189	-0.0462597287	-0.0236967261	-0.0818744154	-0.0100548463	-0.097892551	0.018271181799999998	-0.0619868245	0.0898826083	-0.10272819400000001	0.0110893802	-0.0663190922	0.0072345462	-0.0743195165	-0.06813179559999999	0.1291044976	0.10767784849999999	0.0326770147	-0.0953330716	-0.19549733489999999	-0.0048631131	0.064818816	0.0197010359	0.0651573253	0.1201777704	-0.10897338880000004	-0.06365330570000001	0.0706782783	-0.11638071400000001	0.039532853199999995	0.012955575700000001	-0.123515869	-0.0443004412	0.0065960363	-0.0415357637	0.0299659065	-0.0089430993	-0.0584986479	-0.013242097	-0.0154453614	0.0158403149	-0.027250027599999997	-0.0661715993	-0.0063129649	0.1381140582	0.0205676808	0.0462008181	0.0246685548	0.07288806860000001	0.048226069	0.0935839085	0.0257138029	-0.0517896729	-0.0707895963	-0.1559391734	-0.032699902	0.0191903935	0.031897622599999995	0.1226867832	0.0525848503	-0.0437378129	-0.0693070422	0.0447338491	-0.0482341835	-0.1424867343	-0.11245141289999999	-0.01837046	0.045558451900000005	0.0392220033	0.0357355575	0.06848326519999999	0.0440286501	-0.0022540304	-0.0319091746	0.0762949884	0.059998657300000015	-0.043719012300000006	0.0139788344	0.0363437156	0.0570857304	-0.1026142365	0.0171321769	0.1442899542	-0.0574338066	0.1174490649	0.0389906715	-0.0778303444	-0.0356309858	0.061233467199999995	0.08981995890000001	0.0405206908	-0.09054233029999999	-0.13822892109999999	0.061624751	0.1901810412	-0.1219540559	-0.07094237169999999	0.0692781771	-0.0589961207	0.0639819399	-0.006773251700000001	-0.023531422200000002	0.0771896296	0.052705594	-0.0694801796	-0.0337691441	-0.1212376077	0.0049340127000000004	-0.0750683942	-0.0461211662	-0.041231251499999996	0.022921466	-0.0418907926	-0.028650432200000006	-0.0259898844	-0.0020982136	0.0479348054	-0.0404973692	0.0186661933	0.0788090201	-0.007470546800000002	0.0769729661	0.09203679140000001	0.013317223400000001	0.05965796900000001	0.0013293785999999998	0.1670116251	0.1264573188	-0.0323269236	0.1324547179	0.0264758113	-0.046961440099999995	-0.0213928598	-0.0447204996	-0.0282531182	-0.0098062501	0.13970442289999999	0.0400667094	0.098109503	-0.023588025	0.1178265289	-0.012529247299999999	0.0292268679	-0.034243993199999996	0.0350434911	0.027250971800000003	0.0436685267	0.0873003222	0.06567593099999999	0.0335126502	-0.0040283407	-0.0409229116	0.0	0.0	0.0	-0.00256933	-0.01008027	6.6014566488999984e-06	0.00010161184327289998	0.0373675	-0.003298100000000005	0.0013963300562499998	1.0877463610000034e-05	0.17819000000000002	-0.0021529999999999887	0.031751676100000015	4.6354089999999485e-06	0.000417275	0.0006507269999999999	1.74118425625e-07	4.234456285290001e-07	-0.000208997	-0.0002518119	6.340923298161e-08	4.3679746009000006e-08	-0.000266237	0.0	0.0	7.0882140169e-08	0.0	0.0
4513.619191728966	4.350550445790759	20372758.207944047	18.927289181370174	4782.298191384835	23.882735653356576	570.3850622881093	22870375.991322666	4708.163925277595	-2.3910620664091766	5.7171778054209215	22166807.54728533	4697.160025687116	3740.953718479437	1.108149	16.202333	0.073523115	0.0377927	-0.035248141499999996	-0.1018014801	0.0768584221	-0.0438155225	0.017601086000000002	0.005531647	-0.05774842700000001	0.104680091	0.056985402000000004	-0.035593336	0.0852767474	0.0572320137	-0.01542581	0.051747472	-0.051362928200000005	0.08208762110000001	-0.0233874316	0.0793513327	-0.0663679376	0.0568827432	-0.0561026595	0.1091462651	0.0861589423	0.0090525181	-0.0633626622	-0.16911669829999998	-0.0272623383	-0.0626186705	-0.0427029879	0.021277047099999998	-0.054575696900000005	0.1297893194	0.0304238427	-0.1039936543	0.1027828643	0.0300957532	-0.0800669171	-0.019781431000000002	-0.0686765967	-0.011332611499999999	-0.0161845388	-0.1000212176	-0.0193075175	0.0249360879	0.0118362175	-0.041043462	-0.0179998672	-0.004360190999999999	-0.0578586237	0.0312896769	-0.0710447701	0.0217716505	-0.0899576733	0.0886369103	-0.0795657699	-0.1252228202	-0.0484246026	0.09547801619999999	0.0329523317	0.1809824982	-0.0779133407	-0.0268218296	-0.0534156018	-0.0543136538	-0.0498583	-0.1006182731	0.014048477	-0.0650510016	0.027889193700000002	-0.0246372737	-0.12277111060000001	0.0497825698	-0.010474885699999999	0.09746737650000001	-0.0037269624	-0.0707681897	0.0158089517	0.137200539	-0.040043584300000004	-0.0001430458	-0.0391313263	0.12275349099999999	0.0365706546	0.043140555899999995	-0.017028996799999998	0.0926095553	-0.08492380869999999	-0.0339079546	-0.0027979463	0.0720306886	-0.034366921099999996	-0.09676676630000001	-0.0961217626	0.0818041538	-0.0396848856	-0.020523771200000002	0.0305803017	-0.1341650631	0.014919861100000001	-0.0133024201	-0.1359914593	-0.09145151289999999	0.0130168026	0.0736672611	0.029874784300000002	0.09292370679999999	-0.0009399879	-0.0091301476	0.0904001409	-0.0684316517	0.09223188119999999	-0.1517156418	-0.0705146457	0.0031624554	-0.0104459879	0.0340571505	0.064673782	-0.0403038081	-0.0232622671	0.027689699100000003	0.022229725	-0.029545242700000002	-0.0373365899	-0.048787275199999994	0.0001816525	0.10038493	0.0863739867	0.078089276	0.0683760467	-0.0104587488	0.06692188240000001	-0.1476243683	0.0416484646	-0.1291313806	-0.0871902111	0.0037966286	-0.0570541372	0.0118900125	0.1101393231	0.0859400988	0.0414200756	-0.010646398100000001	0.0241155196	0.0720257688	-0.0574164749	0.1140261946	-0.1368488099	0.0449057132	0.0013700401000000001	-0.0348012403	0.1055082141	0.1105952723	-0.0388055957	0.0887113502	-0.0023668141	-0.0315344549	0.038834015699999995	-0.0708099981	0.08676444289999999	0.0637104479	0.0297135627	-0.009386916300000001	-0.046875101100000004	0.0	0.0	0.0	-0.00490198	-0.0023326500000000003	2.4029407920400007e-05	5.441256022500002e-06	0.0613991	0.024031599999999997	0.00376984948081	0.00057751779856	0.20156	0.02336999999999997	0.0406264336	0.0005461568999999988	9.92347e-05	-0.0003180403	9.847525684089996e-09	1.0114963242409e-07	-0.000366734	-0.000157737	2.4880961169e-08	1.34493826756e-07	-0.000266237	0.0	0.0	7.0882140169e-08	0.0	0.0
4517.339468119717	3.7202763907507688	20406355.870232128	13.840456423577569	4767.844351367517	-14.453840017317814	208.91349124621792	22732339.758867145	4704.813716561927	-3.3502087156675766	11.223898438534997	22135272.107549254	4695.704683134057	3742.966727478018	0.972821	14.223703	0.06644021499999997	0.0351221	-0.0021838758	-0.0891207408	0.0209747768	0.026274292799999998	-0.0636775763	-0.0252240606	-0.0402977097	-0.0417969642	0.0202912122	-0.08237585759999999	-0.0200068712	0.07889269900000001	-0.0745759973	0.07617233	0.0597716118	0.074706728	-0.077677565	0.0132475134	0.0429600104	-0.0054350573	0.0009348913000000001	0.0407223904	-0.08952694609999999	0.0643360703	0.0735772167	-0.0306429165	-0.0192345545	0.10103337849999999	-0.0381345111	-0.0975801308	0.09700789630000001	-0.017481970700000002	-0.0057267565	-0.0039298786	0.0785679039	-0.1940383901	0.0545236413	0.195033951	0.0526159457	-0.058675674500000004	0.0305083262	0.0696650668	0.0267908407	0.0908142405	-0.0401735117	-0.048604935599999996	0.0475411054	-0.1326230674	-0.0273886694	0.07706595549999999	-0.06277226150000001	0.0468971885	-0.004308668	0.0693710666	0.0505334719	-0.052817652199999995	0.0381156495	0.0101620093	0.06486005610000001	0.009610746600000001	-0.12007294269999999	-0.0701284665	-0.0409527575	0.0089189253	0.0361621378	0.0619925629	0.0478935259	-0.0163022451	0.0404500151	0.0574537233	0.0353140537	0.1107159252	-0.0234971831	0.0705661931	-0.1066086978	-0.0564206546	-0.045605147699999994	-0.1621062559	-0.014547996100000004	0.012431651	-0.0835587621	-0.0079325131	-0.0223907496	0.011351799899999999	-0.0660535359	-0.0189380457	-0.0998220598	-0.063480109	0.0009945189	-0.0172313849	-0.0715245765	0.06890981780000001	-0.1224036121	0.0462084175	-0.0040392068	-0.0355723626	-0.0628561538	-0.0339232461	-0.048203047199999995	-0.0188147878	0.1137804435	-0.0602362043	-0.1288375032	-0.0756605475	-0.0633725387	-0.12332009769999999	0.0073989541000000015	0.0192603259	-0.0953779618	-0.1295112213	-0.0514676637	-0.041817823500000004	-0.0538472967	-0.021191947599999997	0.0650767804	-0.0407375696	-0.1163866298	-0.010237791999999999	-0.0538217805	0.12429531140000001	-0.08915197609999999	-0.052976067599999996	-0.0881571609	0.1134588289	0.11098537060000001	0.1434699375	0.0342145638	0.025076190699999997	-0.019312552099999998	-0.0241556872	-0.0600083992	-0.0522442556	-0.09567581160000001	-0.0312008485	-0.0100389273	0.049600726500000004	0.0214559066	-0.1462526016	0.044354322300000006	0.0044715739	-0.0803436887	-0.0701222243	-0.0306077505	-0.0765060805	-0.0517281273	0.023406606400000002	-0.0548658507	0.0232062553	0.054671341	0.1345280898	-0.0758311212	0.0854661206	-0.029119665	-0.0590157658	-0.08581115210000001	0.0047834284	0.0336577977	-0.0234333629	0.0862111885	0.0616939336	0.0258609294	-0.0147154228	-0.0525927084	0.0	0.0	0.0	-0.00189158	0.0030104000000000003	3.578074896399999e-06	9.062508160000003e-06	0.0358179	-0.025581200000000002	0.00128292196041	0.0006543977934399999	0.180291	-0.021268999999999986	0.032504844681000004	0.0004523703609999993	0.000241027	0.0001417923	5.809401472899999e-08	2.010505633929e-08	-0.000176934	0.0001898	3.6024040000000005e-08	3.1305640356e-08	-0.000266237	0.0	0.0	7.0882140169e-08	0.0	0.0
4521.353001978217	4.013533858500523	20442632.96849744	16.108454033330094	4794.868052255024	27.02370088750649	730.2804096574192	22990759.63853589	4707.139617601349	2.3259010394212964	5.409815645181067	22157163.37959217	4697.264166047158	3753.8556685648814	0.902483	13.195279	0.056654164999999986	0.0293918	0.0341776477	-0.0406129628	0.0110388075	-0.0440564821	-0.0690986077	-0.0066484801000000005	-0.1327925388	0.01988302	0.10129486720000001	-0.098764419	-0.0792775354	0.0733828966	0.0001466074	0.024333916400000002	-0.0181925406	-0.09153426529999999	0.0196545704	0.016224933799999997	0.0371281105	0.0432497228	-0.10862573199999999	0.012821638100000001	0.0172390601	0.0895765768	0.0914660541	9.3078e-06	0.0154811358	0.0008129444	0.015324566599999999	-0.059214260899999996	-0.12282968	-0.0107354835	-0.039977169	-0.0502028407	0.0200174256	0.1400789096	0.0308832414	0.0861211653	-0.0938196089	-0.08947681310000001	-0.09825070550000001	-0.05704734650000001	0.014607136699999999	0.0636483259	-0.046567249299999995	-0.11878765050000001	-0.0517902176	-0.046553544100000004	-0.051294373899999995	0.032730251	-0.059859215099999995	0.0275415952	0.08812451589999999	0.0289763341	-0.0641686547	0.07279645280000001	-0.06588555480000001	0.059901915199999996	-0.047311291500000005	-0.0029738409000000005	0.043400132300000005	0.0058008671	-0.1134866464	0.1042556505	-0.0602544259	0.0014123270000000001	0.0594355862	0.0119978077	0.0179707967	0.0838223813	-0.0541622166	-0.023798152799999996	-0.0848094075	0.1297742874	0.0386661226	-0.0017272535999999998	0.0158200065	0.0023689055	0.0323369606	-0.0578723387	0.026670891600000003	-0.0224926402	-0.0603496133	-0.029932147599999997	-0.0895788592	-0.062182321799999996	-0.0935700436	0.0145836363	-0.0811195513	0.004618061	0.0817435724	-0.0049025761	-0.0358011945	-0.0114627293	-0.0063305784	0.041961245300000005	0.036984623700000004	-0.1020223235	0.0689470501	-0.0946052399	0.0607730331	-0.0167724689	-0.0029196628000000002	-0.0098383725	-0.04399203769999999	0.0205273459	-0.11777874449999999	-0.0844307094	0.14439679519999998	0.0491229404	-0.0856426963	0.0242550232	-0.0888183959	0.0323570668	0.0546124347	0.11850046539999999	0.0024995323999999998	-0.038589919300000004	-0.0462793138	0.0641080234	0.0091410296	-0.08983577279999999	-0.1014821615	-0.0224791937	0.0135868158	0.0305054507	0.018381169	0.0101697224	-3.22927e-05	-0.0919452406	0.0806460243	0.057673004699999995	0.09920816660000001	-0.0255591018	0.07448952980000001	0.050407019299999994	-0.0305489777	0.1072228044	-0.025370130299999998	-0.009000092900000001	-0.0175956333	-0.0871360886	-0.0793721948	0.0799917522	-0.0408027677	-0.1050909773	-0.0760354634	0.0474376631	0.0416685182	0.0080415236	0.0173746792	0.0194678771	-0.06879341580000001	-0.0096509579	0.0809586663	0.032910329	0.024359519500000003	0.028012727299999998	0.0856406697	0.0596280034	0.0219616929	-0.0199967914	-0.0580471204	0.0	0.0	0.0	-0.00446843	-0.00257685	1.99668666649e-05	6.6401559225e-06	0.0614068	0.0255889	0.00377079508624	0.0006547918032099999	0.182615	0.002323999999999993	0.033348238225	5.400975999999967e-06	0.000126031	-0.00011499600000000001	1.5883812961e-08	1.3224080016e-08	-0.000395595	-0.000218661	4.7812632920999995e-08	1.56495404025e-07	-7.660569999999997e-05	0.00018963130000000005	3.596002993969002e-08	5.8684332724899944e-09	0.0	0.0
4525.9667344179215	4.613732439704108	20484374.881057624	21.28652702517802	4811.310870257291	16.442818002266904	270.36626385567257	23148712.29025597	4708.233450096402	1.0938324950529932	1.1964695272338564	22167462.220606666	4698.762503593131	3761.5317902366132	0.8697209999999999	12.716267	0.10161020119999999	0.0457943	0.0387114285	-0.005908259399999999	0.025719848599999998	0.008445958100000001	-0.0356001669	-0.0696010651	-0.09611049869999999	-0.0238422256	0.0223087433	-0.0719014078	-0.1037500725	0.060822311399999995	0.0303790274	-0.07732623429999999	0.07304548129999999	-0.0083460699	0.007693361899999998	-0.05185118230000002	0.046007983200000005	0.027069967	-0.0362009089	0.0208772087	-0.1094022089	-0.016669569	0.017320748700000003	-0.0109842972	0.036554476	0.047886874	-0.1069075822	0.08846320099999999	0.10003511650000001	0.038167224	-0.0190547121	-0.0535296725	-0.0704122992	0.0867942988	0.011070663799999998	-0.0438138104	0.025652922999999998	0.04990049480000002	-0.0425915068	0.0673665283	-0.0004077679	0.05768846530000001	-0.0886960361	0.17458381829999994	-0.0419306168	-0.1186812483	0.0973491408	0.0464780905	-0.0726615913	-0.034932477	0.0014943192	-0.0349373916	0.2220224125	-0.0283197983	0.0728951779	-0.06612208139999999	-0.035658910499999995	-0.107739995	0.0806112504	0.06421886759999999	-0.12497566060000001	0.055551042	0.0025710893	0.0108072728	-0.091490153	-0.0736114693	0.027260977000000002	-0.11512715859999999	0.0909649406	-0.09473945880000001	0.0441018459	0.020702187900000002	0.04939919	-0.08614335869999999	0.007576125	0.0746217701	-0.0399935572	0.1156805579	0.0740730085	0.0343577356	0.0319887499	0.1037657164	-0.064925255	-0.07119112849999999	-0.0714753011	0.0404445712	0.0819465213	-0.0447023581	0.045267095800000004	0.06609685900000001	-0.0111360003	-0.011762431200000001	0.006334316800000001	0.0099307039	-0.0243494909	-0.0548130034	-0.08420658240000001	-0.07256901190000001	-0.0196387987	-0.013835806200000002	-0.011896883799999999	-0.036956982400000005	-0.030331809900000006	-0.042693370700000004	0.09652802939999999	-0.0504497356	0.0334269152	0.1139223217	0.1197022228	0.0153439527	0.0295876765	0.0198126256	-0.0173606032	-0.0037221689	0.0292207554	0.0053172257	0.0229092377	-0.1657476514	0.0329968632	0.0775961677	-0.1223387562	0.21921859789999998	0.1302197858	0.0170582272	-0.1070721229	-0.1458524599	0.029833384100000002	-0.0379076383	0.0329932686	0.0371916084	-0.0897480569	0.0822316446	0.10243965099999999	0.113308903	0.027082993399999998	0.0584818599	-0.0991053915	-0.0116894264	-0.09097570810000001	0.1562972133	0.065506427	0.012863993999999998	0.0058722908	-0.0277494923	0.017544153899999998	-0.07495282660000001	-0.0387538071	-0.0163699253	0.0439933088	0.1269755592	-0.0036025454999999997	0.1371194432	-0.0305011702	0.083681691	-0.0579492566	0.0081268359	0.0850530009	0.057514311900000004	0.0180228799	-0.0252141042	-0.0632110411	0.0	0.0	0.0	-2.80888e-05	0.0044403412	7.889806854400002e-10	1.971662997241744e-05	0.031949200000000004	-0.029457599999999994	0.0010207513806400003	0.0008677501977599996	0.160867	-0.02174799999999999	0.025878191689000005	0.0004729755039999996	0.000417275	0.000291244	1.74118425625e-07	8.482306753599997e-08	4.28149e-05	0.0004384099	1.9220324041801e-07	1.8331156620099995e-09	-0.000266237	-0.00018963130000000005	3.596002993969002e-08	7.0882140169e-08	0.0	0.0
4524.375795564914	-1.5909388530071735	20469976.33949365	2.531086434007781	4808.133905421604	-3.176964835686704	10.093105567189843	23118151.65246481	4710.948912008867	2.7154619124657984	7.373733398052411	22193039.65155753	4701.614734832482	3789.875129598238	0.8453120000000001	12.359383	0.0599237738	0.0314152	0.055825317699999995	-0.0178630698	0.0300119682	-0.0376854292	0.0232657288	-0.0313510663	-0.0646567272	-0.0895949483	0.0910117577	-0.0038096721	-0.0499261192	0.015119910700000001	-0.0305228708	-0.033502112599999995	0.0974656151	-0.1295341717	0.0504461676	-0.020173536399999997	0.0330924967	0.050707858	-0.023040319700000002	0.014226953999999997	0.0567740688	-0.0146386716	0.0610528061	-0.0632043145	0.09904082089999999	0.015604931499999999	-0.0245670159	0.1408236744	-0.060602011399999996	0.07205562809999999	0.027003835	-0.19538461440000002	-0.0922765284	-0.0016598632	-0.0071685	0.024928399500000004	-0.04316400150000002	-0.0315002093	-0.0261342071	-0.07468550809999999	-0.025489334199999998	0.005375134100000001	-0.0173012604	-0.07516782	-0.077301624	0.00039602319999999997	-0.0216428102	-0.11756010509999999	-0.057277412	0.0677182555	0.1033211124	0.0539735728	0.0641000845	0.0836984015	0.08847432710000001	-0.0394883921	0.0887364999	-0.0009851953	-0.092032863	0.0439273311	0.0445272574	0.0915651239	-0.047601740700000006	-0.031789699500000004	0.0344723991	-0.0014128741	0.021809299700000003	-0.0263991186	-0.0937726934	-0.09945643960000004	-0.0758437653	-0.0701328549	-0.0902468628	0.1144392055	0.0096248948	0.007883574	0.062304945999999986	-0.013094093000000001	0.0030087618	-0.0248534795	0.0778945278	-0.07613060769999999	-0.0080681208	-0.0626737358	-0.0027894709000000004	-0.015549635	-0.0526581342	-0.1085857918	0.08714993929999999	0.0466226571	0.003511383	-0.0633798589	0.05883284320000001	0.0355272553	0.0262948686	-0.0254269581	0.0114906369	-0.0626191193	-0.046349771100000006	-0.0615069175	-0.0324730592	-0.0275890302	0.058222164800000004	0.0656945301	0.08485962710000003	0.0037169136	0.1619984107	0.1010507757	-0.0703225108	-0.1393546059	-0.0049114575	-0.0072599786	0.0732929489	-0.0025896815	0.0837614349	-0.054806597699999994	-0.0526464475	0.0218576969	0.041062358300000004	-0.058537762	0.00023407930000000001	-0.0474565863	-0.007738785	0.0040519394	-0.0384225416	0.0486228726	-0.048752879400000004	-0.1908828576	-0.0462498176	-0.015140708700000003	-0.1263154493	0.0958558642	0.0558307568	0.0682066727	-0.0098864967	-0.019575333	-0.0282795177	-0.0680779067	0.11342652859999999	-0.045736022300000005	-0.0896044772	0.032499004500000005	-0.023683077900000002	0.0327000452	8.84601e-05	-0.0547110313	0.1365422396	0.0042318654	0.0103115292	-0.1000861045	0.021304238399999998	-0.0197905465	0.0068408479000000005	-0.0290822649	-0.0787534172	0.0624307451	0.08444829960000001	0.0553545524	0.014051588600000001	-0.0303506486	-0.0680586279	0.0	0.0	0.0	0.007603539999999998	0.007631628799999998	5.781382053159998e-05	5.824175814098941e-05	0.04485	0.012900799999999995	0.0020115225	0.00016643064063999992	0.162173	0.0013060000000000016	0.026300081929000005	1.705636000000004e-06	6.5706e-05	-0.00035156900000000004	4.317278436e-09	1.23600761761e-07	-0.000367323	-0.0004101379	1.6821309701641005e-07	1.3492618632900002e-07	-0.000266237	0.0	0.0	7.0882140169e-08	0.0	0.0
4517.430994168294	-6.944801396620277	20407182.787072346	48.230266438498965	4806.783920363946	-1.3499850576581591	1.8224596559003041	23105171.657069385	4713.198853485612	2.2499414767444246	5.062236648774884	22214243.432498086	4704.3851858686185	3752.269433989457	0.901601	13.182387	0.041819099999999984	0.0239498	0.0276820655	-0.0013459267000000001	-0.0219242912	0.07410802030000001	0.0811733953	-0.0796360583	-0.0170333961	-0.012461246	-0.1348316709	0.0319909059	-0.0808230943	0.0177093509	-0.0749694443	-0.1703416039	0.0011260063	0.0892089	-0.0933779789	0.0365512396	-0.0679436388	0.020099221100000002	-0.0651278672	0.0030724175	0.0314377389	-0.0070151377	-0.09587378369999999	0.100679037	0.004728828	-0.049829515	-0.0647718836	0.1004090841	-0.0738721244	-0.0013929975	-0.0172038663	0.0790921051	-0.0159841075	0.0212673604	0.1486023056	0.0047279148	-0.0506959223	-0.0801167808	0.11946327220000001	0.0818036691	0.0532210179	0.048130627999999995	0.0678293629	0.0686599112	-0.0903172635	-0.014328363500000003	0.0268791569	-0.0773863008	0.0299189744	0.0171371508	0.0897527763	-0.08597236650000001	-0.14380381009999998	-0.0586515603	-0.042830579699999996	-0.046288429400000004	-0.09304718320000001	-0.0173209145	0.0413788278	0.0363989581	0.0112134529	-0.061704623300000004	-0.0285783056	-0.0559616579	0.1336670374	-0.025244386400000002	0.12264030470000001	0.0189562629	0.0606311268	0.08672948779999999	0.0229892096	-0.039883512999999995	-0.0094152867	-0.028721839	-0.0314734735	0.0240818099	-0.064152321	0.055005579900000004	0.0391454354	-0.0062591860999999995	0.021693864900000002	0.00420562	0.028051336800000003	-0.08363867309999999	-0.0084945544	-0.0626606652	0.1839817556	-0.0121056873	0.0678908709	-0.007145961899999998	-0.0029313152000000004	0.1096151195	-0.0038034711999999997	0.0281260106	0.052879335300000004	0.021863850299999998	-0.024411388500000002	-0.0208537269	-0.15095814429999999	0.11639296939999999	-0.0058822643	0.0462022337	-0.053932003799999996	0.041343011299999996	-0.0397334876	0.0017339594000000001	0.0380335884	0.0236592959	-0.0568964215	0.09954744089999999	0.011057301200000001	-0.17424937149999994	0.0425203357	-0.0758447924	-0.0809680636	0.0229948864	0.0041007191	-0.0165722378	0.0174702095	0.1120988235	-0.0002081808	0.0316799485	-0.0064441765	-0.10032065289999999	-0.006995271700000001	-0.0726058349	-0.0192438346	-0.0735527363	-0.09299686369999999	0.0903686344	0.0760149983	-0.09167916300000001	-0.06950996549999999	-0.0830313633	0.0088432799	0.06882928940000001	0.0450858318	0.0369834806	0.0374064732	-0.0735016321	-0.1401642333	-0.106540411	-0.036347270099999995	0.046616187	0.048582552599999995	-0.010274711800000001	-0.0841886835	0.04492271019999999	-0.0141445834	0.0477049893	0.01005645	0.043381548799999996	0.0116576682	-0.016732939	-9.795780000000001e-05	-0.034156635899999996	0.083826687	0.0531504546	0.0100549752	-0.035389970699999995	-0.0725656218	0.0	0.0	0.0	0.00059804	-0.007005499999999998	3.576518416e-07	4.907703024999997e-05	0.0447381	-0.00011190000000000502	0.00200149759161	1.2521610000001133e-08	0.171961	0.009787999999999993	0.029570585521	9.580494399999984e-05	-0.000294177	-0.000359883	8.654010732900001e-08	1.2951577368900006e-07	-0.000290847	7.647600000000002e-05	5.848578576000003e-09	8.4591977409e-08	-0.000204322	6.1915e-05	3.833467225000001e-09	4.1747479683999997e-08	0.0	0.0
4513.609373159139	-3.821621009155024	20372669.57347004	14.604787137615062	4778.158237208018	-28.625683155927614	819.4297361435582	22830796.13979884	4712.561370067201	-0.6374834184107385	0.4063851087486407	22208234.66664965	4701.956348339579	3727.9992192126	0.872102	12.751078	0.025452315	0.0127448	0.0091764447	0.022727709500000002	-0.0808791413	-0.018457440500000002	0.0941667372	0.11942514039999999	0.053467397400000005	-0.10716997029999999	-0.11426472060000001	0.023818362000000003	-0.0659637321	0.008741278	-0.030418060499999997	-0.026581173599999997	0.123940516	-0.046756192599999996	-0.020205460800000002	-0.06359187349999999	-0.11342889369999999	0.06183535990000001	0.0001120864	-0.014945495500000001	0.0774417293	-0.0706902495	-0.1419050928	0.0028482807	0.0477436708	-0.0619583828	0.0287232217	-0.0377108131	0.0421539198	0.0602652493	0.0153480283	-0.0413419375	0.1236186262	-0.0786441033	-0.0159638329	0.0295663843	-0.0689091406	-0.0473080538	-0.0498966983	-0.0641794228	-0.07504273019999999	0.0771104453	0.0361901873	-0.0646869721	-0.11749098570000001	0.011495948600000002	-0.03359439	0.0460972572	0.0180494576	0.0050620425	-0.0703938689	0.015349215900000001	-0.008247006099999999	0.0408174442	0.050354996	-0.041984984	-0.0014136708	0.0307998434	0.1082093841	-0.0016399442000000002	0.0918347297	0.0318669473	0.0370041496	0.0011023148	-0.0146028019	0.1518856046	-0.012798095	0.044972600300000005	-0.0527670383	-0.0597519463	0.0152167381	0.0034439433	0.0382212425	0.0501343181	0.0311448845	0.045733065	-0.018733098400000002	-0.0032915134000000004	0.1479184191	-0.051813621500000004	0.0533140178	-0.0194771218	0.0143318575	-0.052908233	0.034176844399999996	-0.0292403727	-0.0088724637	-0.1574521499	0.007792310699999998	-0.037879064	0.0531734422	0.0561150031	-0.0373206649	0.0100216889	-0.0055345835	-0.010948356000000001	-0.0015794943	0.0334411584	-0.1521963411	0.0257294159	0.058681155199999994	-0.0537074163	0.0369487679	-0.029735461600000002	-0.0086367167	-0.0085398416	0.0243647404	-0.16877081260000001	0.0071051927	-0.0871536149	-0.09425793519999999	-0.0069060018	0.0452518254	0.054450842	0.0591298207	-0.0013437998000000002	-0.1328016377	-0.019281939799999998	0.0690099596	-0.0335243854	-0.0781995453	-0.036514586	-0.0473471067	0.07651059519999999	0.0376938441	-0.0075448067	-0.0074206531000000015	0.0120670039	-0.0402760233	-0.0093584073	0.0039155075	0.1115943401	-0.043422628600000006	-0.0475008954	-0.008830389499999999	0.059690052699999996	-0.033986109300000004	-0.0598025217	0.0505117076	-0.0184071241	0.0080927973	0.0289841914	0.1049316156	-0.014354591299999999	0.0115753325	0.0784423808	-0.0658734776	-0.025905248199999998	0.0730959076	-0.0840237333	-0.0329808097	0.0639878782	0.007296723699999999	0.0097413474	-0.0763525609	0.0226800775	0.0831882876	0.050903784	0.0060402421999999996	-0.0403159281	-0.07670946769999999	0.0	0.0	0.0	0.000296375	-0.000301665	8.783814062499999e-08	9.1001772225e-08	0.0390939	-0.005644199999999995	0.00152833301721	3.1856993639999946e-05	0.165468	-0.006493	0.027379659024	4.215904899999998e-05	-0.000123709	0.00017046799999999998	1.5303916681e-08	2.9059339024e-08	-0.00023144	5.940700000000001e-05	3.529191649000001e-09	5.35644736e-08	-0.000173928	3.0393999999999994e-05	9.237952359999996e-10	3.0250949184000005e-08	0.0	0.0
4513.3393211712655	-0.2700519878735577	20370231.828030694	0.07292807615446012	4735.261712009256	-42.89652519876199	1840.1118741280225	22422703.481220834	4707.775030067709	-4.7863399994921565	22.909050590738573	22163145.733729016	4697.370238766433	3713.6133177797938	0.8713059999999999	12.739432	0.05750975499999999	0.0300808	2.74887e-05	0.0495884379	-0.0808589722	0.090302428	-0.0573973923	0.0390716869	0.0685367435	-0.11184563730000001	0.0241183359	-0.0390118993	-0.0164268358	-0.0966142749	-0.0802756808	0.0108847989	0.0446569749	-0.0731970133	-0.0167866243	0.029278126600000006	-0.023439694900000002	-0.0616281683	0.1196859405	0.0229506258	0.054138717999999995	0.0282312269	-0.0396635422	-0.0447038014	0.0620028345	0.0587027418	-0.1224336432	0.0827482368	-0.0163449304	0.09395818199999999	0.0018959242999999999	0.08485517279999999	-0.029542016	-0.0765275471	-0.12590421529999998	0.011111519299999999	0.008975479	-0.059006095999999994	0.030631841099999998	-0.1118138567	-0.031256938	-0.034525276699999996	0.0856664934	-0.0022734417	-0.0793528288	-0.0388933466	-0.0741345841	0.1965925634	-0.0211697733	-0.0290521498	0.1092050862	-0.0380585949	-0.10932099710000001	-0.09539273529999999	-0.0613066626	-0.011478147099999999	0.0434201096	-0.011918306399999998	0.0552622605	0.0484269457	0.0021262897	-0.0515252636	0.0706822815	-0.076793058	0.0868294342	-0.1049426649	-0.0405556133	0.029078549900000007	-0.09280085910000001	-0.0082142002	0.0405936535	-0.05493622769999999	-0.0881453598	0.038946286000000004	0.0005507311	-0.011280625700000001	0.059595338399999996	0.039369096299999996	-0.022388107400000003	0.0265321866	-0.0329244229	-0.029639594100000007	-0.056907393	-0.024918070499999997	0.1015731123	-0.0590466983	-0.0172787526	-0.015219927	0.044819200999999996	0.0297237945	-0.0175543578	0.0198936555	0.0199990321	-0.1034183939	-0.041618653	0.0374639712	0.009486490799999999	-0.0038203329	-0.1087975262	-0.0220683813	-0.1006189309	-0.060589682699999994	0.0087235775	0.1058503567	0.062223034	0.08666569939999999	-0.10805016029999999	0.0346988575	0.06392361120000001	-0.0600574358	-0.1014460093	0.0354002969	0.0409894564	-0.0484076355	0.026195600899999998	-0.0665982168	0.0125136713	0.0320793125	0.0615541291	0.09598179150000001	-0.005630316	-0.09201462949999999	-0.031687855200000004	0.060229802	0.1364070993	-0.0850008234	-0.1220573274	-0.0274005177	0.0104365924	0.05747641410000001	0.0023606344	-0.1973109007	0.07641611570000001	-0.0448798754	-0.08411190060000001	0.0987174913	0.0010030517	-0.012596796100000002	0.0364823963	-0.1274552071	0.0725164772	0.0379805554	-0.018078963899999998	0.0788450009	-0.0073249756	-0.0684565041	-0.0353018882	-0.050139511399999996	0.0588247076	-0.0369678506	0.008006213	-0.1675811565	0.047661461399999994	0.06206394570000001	-0.011988586499999999	-0.036919126499999996	0.08253322910000001	0.048616340300000005	0.0020146242	-0.045112741399999996	-0.0804694282	0.0	0.0	0.0	-0.00298198	-0.003278355	8.892204720399999e-06	1.0747611506025e-05	0.0613212	0.0222273	0.0037602895694400004	0.0004940528652900001	0.182223	0.016754999999999992	0.033205221729	0.0002807300249999997	-0.000360995	-0.000237286	1.3031739002500002e-07	5.6304645796e-08	-0.000198195	3.3245e-05	1.105230025e-09	3.9281258025e-08	-0.000208379	-3.445100000000001e-05	1.1868714010000007e-09	4.3421807641000016e-08	0.0	0.0
4516.451785269625	3.112464098359851	20398336.728665188	9.687432763579	4699.484108014541	-35.77760399471572	1280.036947602698	22085150.881481227	4703.5488825976345	-4.226147470074467	17.860322438816805	22123372.09098545	4692.778953231058	3707.952457214418	0.852774	12.468474	0.078235545	0.037589300000000006	-0.0101006449	0.0634447224	-0.0366922586	-0.0100753131	-0.09209307509999999	0.0309030515	0.0932309068	0.0302495328	-0.0787831883	-0.1097325722	0.005401976899999999	-0.07135481440000001	0.0326223719	0.0344893333	-0.019442994499999998	0.0603307685	0.0300798868	0.0440123565	0.0311234383	0.0111099809	-0.09609380880000001	0.0307897767	0.11282122259999999	-0.029380632400000002	-0.0825068875	0.0418576019	0.0312968947	0.0517927524	0.027806112	-0.0712032805	-0.013164805600000001	-0.0979388251	0.0648437021	-0.0026108456	-0.0242884125	0.033121659399999996	0.0017545375	-0.0088601696	0.0623614401	0.1323656762	0.0156600319	-0.0084829833	-0.0132031993	-0.0949837198	-0.0637719219	-0.0183491042	-0.0655936622	-0.05522190440000002	-0.046304890999999994	-0.0449670599	0.0008121442999999999	0.0385891961	0.0880214982	0.016263822600000002	0.0415217165	-0.004825073300000001	0.0021779329	0.0506710627	-0.0379504506	0.007103874000000001	0.0303395253	-0.001904335	0.06082509360000001	0.0942302234	0.024282827599999997	0.0181388448	-0.045535223300000004	-0.1666062888	-0.08666791480000001	0.044212588899999995	-0.024329210299999997	-0.0497942968	0.0289241504	0.049529936	-0.0462283117	-0.0050860997	-0.053511668600000006	-0.0698144441	0.07539657129999999	0.00022208529999999998	-0.1430988339	-0.0199316662	-0.0855557582	-0.0032781565	-0.1186661415	0.0026955602	0.051181602400000005	0.0282347263	0.0131495432	0.0353172275	-0.049247059100000004	-0.06365441299999999	-0.036869739900000004	-0.0139991905	0.0217354313	0.041861627	0.1258053995	-0.0687364815	0.0303703889	0.11279143220000001	-0.016559293500000002	0.043298716200000004	-0.034390586	-0.0680329821	0.035871011099999996	-0.0151706321	0.024313337799999998	-0.0278220852	-0.0340354559	-0.0367710183	-0.08687933210000001	0.0596294313	0.0708599354	0.0786948092	-0.1121209984	-0.0471241209	0.053536880700000004	0.040454531200000005	0.0587055448	0.026578083	0.027579019700000002	-0.0097674294	-0.0758588971	-0.0727928251	0.0317843131	-0.041199883900000005	-0.0641461446	0.0286785188	-0.0308360529	-0.08687687050000001	0.0714170024	-0.0059815237	0.0035475072999999998	0.0167603636	0.0426894921	-0.0351873664	-0.044255412699999996	0.0370559595	-0.0841709745	-0.0332415211	0.0244774962	0.0209216342	0.12615417310000002	0.08514908189999999	-0.1270246551	0.0186420736	-0.0782497917	-0.0398909472	0.0145399828	0.069508595	-0.06445656429999999	0.008735395699999999	-0.0023820625	-0.048404913099999995	-0.0317196599	0.0556510407	0.0242437039	0.0286129162	0.0818616429	0.0462899555	-0.0020146242	-0.049765045	-0.083826687	0.0	0.0	0.0	0.00506542	0.0080474	2.56584797764e-05	6.476064675999999e-05	0.0467106	-0.0146106	0.0021818801523600002	0.00021346963236000004	0.164273	-0.017949999999999994	0.026985618529	0.0003222024999999998	0.000147935	0.00050893	2.1884764225e-08	2.590097449e-07	4.28149e-05	0.00024100990000000002	5.808577189801e-08	1.8331156620099995e-09	-0.00021099	-2.6109999999999925e-06	6.817320999999961e-12	4.4516780100000005e-08	0.0	0.0
4514.589551143889	-1.8622341257359951	20381518.815297585	3.4679159390557053	4733.071736249057	33.58762823451616	1128.1287704200672	22401968.06047966	4702.194849770061	-1.3540328275730644	1.8334048981455082	22110636.40520409	4690.636380919682	3678.054412786204	0.947369	13.851555	0.05136367400000001	0.0243089	-0.0575812129	0.08597623630000001	0.0360621325	-0.0132954741	-0.0873891998	0.022738770499999998	0.016997035	0.08864824460000001	0.07753744230000001	-0.1120592434	0.08232702509999999	-0.07393339	0.0702248142	0.0078907012	-0.0489469835	-0.108591854	0.0080845537	-0.0336099275	0.1036128198	-0.05645659	-0.0334155086	0.0119982106	0.0532998599	-0.0183822628	-0.008235234000000001	-0.0704969378	0.0940781384	-0.1058636158	0.0418874102	0.011579651000000002	0.009825126	-0.041698869	-0.0802328654	-0.0647329558	0.030513784500000002	-0.034689605299999995	-0.053037108799999996	-0.0274534623	0.0019826983	0.055958374000000005	0.07920075809999999	0.0234364227	-0.047111855700000003	0.1049245276	0.034472569700000004	0.0843221826	-0.0372995732	0.028407503599999998	0.012212661599999999	0.0161058037	0.0764239621	0.0034685085999999997	0.0111722447	-0.11437010130000001	0.0352779374	0.06379077679999999	-0.047148032699999995	-0.0301966491	0.029216036600000002	0.0206137291	0.0547769794	-0.046732601299999996	0.0098154412	0.054666056	-0.0282397842	-0.022284948199999998	-0.1181148207	-0.0742591969	-0.1318668664	-0.1172091757	-0.06357400490000001	0.0506711172	0.0092465512	0.021275564700000003	0.0077023227	-0.0031649955	-0.0162673205	-0.1209155789	0.025986198399999997	0.05290983900000002	-0.0176696333	-0.0012565646000000001	0.0297561099	-0.011816386000000002	-0.11585850380000001	0.0809363155	0.0437022708	0.053995653899999996	-0.0666160706	0.05843288820000001	0.0296390542	0.0755670091	0.04978188	-0.0325978528	0.0655499132	0.0059992289	0.09088378970000001	-0.0058939042	0.0376941815	-0.072008817	-0.0201290667	-0.0449484463	0.0527969689	-0.030050040299999997	0.10570084119999999	0.0191259849	-0.0607905361	-0.06470690429999999	-0.0453374067	-0.0492591007	0.025749774	-0.0931525955	0.048243549100000005	-0.0414162338	-0.0312960385	-0.0800461045	-0.0213007324	0.0428476148	-0.047184890300000004	-0.0829647333	-0.0151012194	0.09000266050000001	-0.021068481400000002	-0.026859014	-0.0589978688	-0.0100793275	0.039921011	-0.1074269025	-0.0372977712	0.0120295545	-0.068034265	-0.053690513499999995	0.0874285507	0.071504312	0.039497853900000005	0.015109963799999999	-1.51797e-05	0.0126276652	-0.0558088671	0.028923982999999997	-0.0198373952	0.1053652256	0.08958009189999999	0.0660411606	-0.0181084867	0.0590297124	-0.014151228799999999	-0.0275888117	0.0917009558	-0.056474853	-0.0844862184	0.0657451327	0.0049532825	-0.0849535645	-0.10239176189999999	-0.0064494002	-0.048091803200000005	0.0180108488	0.0811736633	0.0439264932	-0.0060402421999999996	-0.0542579362	-0.08676444289999999	0.0	0.0	0.0	0.000970266	-0.004095154	9.41416110756e-07	1.6770286283716006e-05	0.061376699999999985	0.014666099999999994	0.0037670993028899994	0.00021509448920999983	0.178015	0.013742000000000004	0.031689340225	0.00018884256400000007	-7.11297e-05	-0.0002190647	5.05943422209e-09	4.7989342786089996e-08	4.28149e-05	0.0	0.0	1.8331156620099995e-09	-5.28463e-05	0.00015814370000000002	2.5009429849690004e-08	2.7927314236900004e-09	0.0	0.0
4512.9651675526475	-1.6243835912418945	20366854.603543494	2.638622051495914	4757.7944626049575	24.722726355900704	611.2131984687474	22636608.148394395	4705.454972071571	3.260122301509909	10.62839742080227	22141306.494193073	4694.086608328526	3711.0689990222168	1.052107	15.382952	0.05573396399999999	0.0298453	-0.056067907300000004	-0.0095280081	0.0487423366	-0.0213182044	-0.0297844887	-0.0323247005	0.0860187048	0.0735149229	0.0306847969	-0.0215367676	0.1309295079	0.0180673788	0.035436436099999996	0.0140226177	0.0596325947	0.0255806127	0.07939508070000001	0.0648570165	-0.024510286099999997	0.1631392858	0.040950421800000004	0.027045021800000003	0.0623841843	0.018568721	-0.0166033342	0.1450288952	0.0868083494	0.028587666299999998	-0.0510417873	0.0814717604	0.0386660289	0.0360611522	0.026246711800000003	0.0395401723	-0.0081078841	-0.0874726534	0.0522572408	-0.027327035899999998	-0.1275041077	-0.0177537389	-0.1351176839	0.0455925212	0.047481072199999995	0.0564459181	0.033044137200000004	-0.054342610599999994	0.0909970949	-0.0026140089	0.15508600949999998	-0.0079288921	-0.027893270699999997	0.0555309893	-0.0250680697	0.051560609199999996	0.1730659864	0.12813059599999999	0.15005877039999999	-0.0190150565	0.011160547	0.0759833815	0.0276655318	-0.050182115	-0.09706311990000001	-0.005724765600000001	-0.0768681306	0.0037490503000000004	0.0305263389	0.1209968119	0.0519946625	-0.004031814	0.0522620792	0.0108825722	0.0148423342	-0.0819228355	-0.017070224499999998	-0.0237866262	-0.0103035021	-0.008004569	-0.0454767458	0.0477467651	-0.10497638	-0.0078487624	-0.0418231102	-0.0276820913	-0.010867649699999999	0.1345232818	-0.0170702591	-0.0037092057	0.0287578753	-0.060959496900000014	-0.045829965099999995	-0.11897670939999999	0.0010730366	-0.0417399061	0.145670245	0.0742702806	-0.0224775357	-0.024114884700000002	-0.0259623609	-0.0669646022	-0.08904025619999999	0.0650263814	-0.0223613312	-0.0366663052	-0.016938476299999998	-0.0031430858	0.10289423269999999	0.09736154949999999	-0.014666433799999996	0.0243260808	-0.0239916339	0.015552538500000001	-0.0430632906	-0.0631860525	0.0627979828	0.1845778505	-0.0142124543	0.056815319800000014	-0.07241152320000001	0.0654787824	-0.050641959	-0.0614341236	0.06827388429999999	0.0965362377	0.09067960380000001	-0.0313691871	0.048794535	-0.0096600277	0.0001990595	0.0122373313	0.0626937174	0.036591848999999996	-0.1329366968	0.24452362960000001	-0.0398951452	0.07797869019999999	0.011627473700000002	0.0176348094	0.015045121000000003	0.1081655834	-0.007395019799999999	0.0310684523	-0.08646651960000001	-0.0096698854	0.0374234004	-0.019765269199999998	0.043469941100000006	-0.074162187	-0.0377101893	-0.018915028700000003	-0.048146809000000006	0.0100565777	0.0993993789	-0.1194001352	0.0797005736	-0.0053239402	0.06304217849999999	-0.1413373288	0.0804694282	0.0415278464	-0.0100549752	-0.0585770229	-0.0892679943	0.0	0.0	0.0	0.00754741	0.006577144	5.69633977081e-05	4.3258823196735995e-05	0.0488801	-0.012496599999999995	0.0023892641760099994	0.0001561650115599999	0.16130899999999998	-0.016706000000000026	0.026020593481	0.00027909043600000093	0.000318005	0.0003891347	1.01127180025e-07	1.5142581474409e-07	4.28149e-05	0.0	0.0	1.8331156620099995e-09	-4.28966e-05	9.949700000000002e-06	9.899653009000008e-11	1.8401182915600003e-09	0.0	0.0
4509.707096392561	-3.2580711600867285	20337458.095253427	10.615027684188883	4808.088905919682	50.29444331472404	2529.5310283379904	23117718.92722792	4705.255421049077	-0.1995510224942336	0.03982061057849413	22139428.57731173	4694.930152146149	3759.260164195328	1.091038	15.95216	0.086529765	0.0433483	0.0037789252000000003	-0.1360453881	-0.0261696264	-0.029973631400000002	0.034933033599999996	0.021187381	-0.0626370179	0.0900967765	-0.0089096817	-0.0139639635	0.0738342342	0.0785510115	-0.0265055627	0.036118151099999996	-0.0460333409	-0.027779241099999998	-0.0032648127	0.0171372054	0.0996334909	0.052695151600000004	-0.0345321524	0.0435552231	-0.026056155499999997	-0.1361675451	-0.0570372677	0.08992849779999999	-0.086714839	0.0095703066	-0.0985344103	0.0747142943	-0.0331515754	-0.0392990591	0.0762885502	-0.028172622999999997	0.022676860400000002	-0.0070206063	-0.0220920165	-0.0240683169	0.031057019900000007	0.0201542762	0.0671456211	0.0706050184	-0.0569022559	-0.0385202149	-0.0970410173	-0.024213926299999997	-0.0945944542	-0.012005096699999999	0.0351495455	0.0846701101	0.1410414008	0.023837685600000002	0.032964550499999995	0.0026342161	0.029362722	-0.0105606649	-0.024638532400000003	-0.0392551996	-0.1404998281	0.0698523937	0.0039832425	-0.0578972438	-0.0848064692	0.0174994388	0.1521720843	-0.027141216200000002	-0.08698755539999999	0.011727145800000002	0.112833208	0.0203549056	0.0100859635	0.0351762932	-0.0669566826	0.0114602045	0.09947095380000001	-0.013572665800000001	-0.091560694	0.0612248498	0.011315500400000001	-0.010009067	0.023665245699999997	0.0135315419	0.1348874917	0.0945606884	0.0060064677	0.0671833904	-0.0900344391	-0.0436574355	-0.070840513	0.01715489	0.015326671100000001	0.0325597921	-0.0126598353	-0.0065382140000000005	0.05513436	0.0768084046	0.0714285499	-0.051647035300000005	-0.0944159416	0.1237633408	-0.0474171419	0.02087966	0.0319317475	0.0658007026	-0.105345577	0.0824457916	0.1181671225	0.0137506273	-0.0011735588	-0.0105471866	0.013120321200000002	-0.0061119165	0.0376828401	-0.0393322613	-0.0666591392	-0.0554465128	-0.1000558901	0.0052606835	-0.0098256885	-0.051671663799999996	0.06424944860000001	-0.0145093948	-0.0769104469	-0.0591976947	0.1083564746	0.0431480523	-0.0080153351	-0.0789945705	0.0740295663	-0.028266591299999998	0.0051209555	0.0649536142	0.1391379424	0.0676798359	-0.11021262109999999	0.045841657300000005	-0.0360568649	-0.044216146399999996	-0.047226437999999996	-0.0021101499	-0.0783422843	0.0010842752999999999	0.08159271059999999	-0.1228801286	0.018599978700000002	-0.056699935199999996	0.0065219526	0.0732537351	0.024145512400000003	-0.013784158500000001	-0.098416453	0.0205799909	-0.018525464499999998	0.0714989094	0.0661996899	0.0172417275	-0.08398922029999999	0.0248864768	0.07974907860000001	0.0390959363	-0.014051588600000001	-0.0627084696	-0.0913248123	0.0	0.0	0.0	0.00210906	-0.00543835	4.448134083599998e-06	2.95756507225e-05	0.0613295	0.0124494	0.0037613075702499993	0.00015498756035999998	0.184315	0.023006000000000026	0.033972019225000004	0.0005292760360000011	-0.000279867	-0.0005978719999999999	7.8325537689e-08	3.5745092838399994e-07	-0.000184498	-0.0002273129	5.167115450640999e-08	3.403951200399998e-08	-0.000130432	-8.753540000000002e-05	7.662446253160004e-09	1.7012506624000003e-08	0.0	0.0
4515.412410398694	5.705314006133449	20388949.235982545	32.550607908582506	4776.643253976648	-31.445651943033226	988.8290261223892	22816320.775760625	4707.329257639032	2.0738365899551354	4.300798201836743	22158948.73982444	4698.022962109891	3740.7572220761626	0.975194	14.258394	0.04450914795000002	0.0267764	0.0219185245	-0.085895847	-0.09808498	0.0490123378	-0.0160747958	-0.067751069	-0.0381507784	-0.038535413399999996	-0.0704679097	-0.006017578399999999	-0.0402889503	0.0871209616	-0.070025858	-0.0889270245	0.07210654379999999	0.0323407283	-0.011717326	0.058742726900000014	-0.011582088400000001	0.011452637199999999	-0.1265306158	-0.08995856070000001	0.0498284633	-0.053061069800000006	-0.0829836032	0.0755293533	-0.1597497315	-0.0014312665	-0.034632217	0.057339038499999995	-0.0070747513	0.0376240115	0.005956669	0.023344871099999998	-0.1458202417	-0.0599264824	-0.011448728799999999	-0.0176900942	0.1147228243	0.0206029865	0.08972216300000001	0.0421503918	0.0937832612	0.011953538400000002	-0.023852921000000003	-0.0340134561	-0.0180588977	0.019727353899999998	-0.0066784068999999995	-0.0555290992	0.0515864301	-0.1060675879	-0.0493435324	0.0209972485	0.08998937300000001	-0.0431610796	0.031175913700000002	0.0735024097	0.0498423452	0.0342575386	-0.0491790383	0.07088696480000001	-0.1476450492	-0.047881037	-0.1344280979	0.043197338499999995	-0.0528492412	0.030901933700000002	-0.0789549507	0.061480475599999994	-0.0065249422	-0.0281522138	0.0847299966	0.0655780245	0.053637486399999997	-0.0253936907	0.0155805647	-0.2271034653	-0.0320622932	0.0752926089	0.0984932333	-0.0487404792	-0.15109806050000002	-0.0307813722	-0.00010865469999999999	-0.048326409800000004	-0.08815782230000001	-0.037004888199999995	0.0966914566	-0.09185547039999999	0.0359211832	0.0575894786	-0.0637735656	0.0177629957	-0.0356873052	0.1254350908	0.0682479627	0.0496522897	0.0234358907	0.1236962801	-0.1142933852	0.0462335864	0.0303554827	0.1035754098	-0.0783925402	-0.0110903065	0.026088604799999998	0.07053008549999999	-0.0509813338	0.0737029673	-0.026663927799999997	0.0153474774	0.0794372603	0.0140446825	0.057426646	-0.1073120018	-0.0334670449	0.0065972386	0.0147897395	0.0488763378	0.0392757638	-0.0400302196	-0.0228557323	0.0546001871	-0.0846909042	-0.049200785700000006	-0.0222835892	0.0103744815	0.08019992349999999	0.0585098884	0.047775661399999995	-0.0691877517	-0.1205760224	-0.032083650400000004	-0.042203131399999996	0.1713368757	0.0354039696	0.053317975	0.08531413449999999	0.029516773399999998	-0.0639170345	0.0330892209	0.0107130519	0.1317611587	0.0279372293	-0.0998588562	0.0538079629	-0.001155272	0.0182095299	-0.0013179726000000001	-0.11368286400000001	0.08538777210000001	-0.0813487499	-0.13726403539999998	-0.0864096733	0.0144001209	0.0165353633	-0.0082787474	0.0790127587	0.036632711	-0.0180228799	-0.0666390423	-0.0929246038	0.0	0.0	0.0	0.00373364	0.00162458	1.39400676496e-05	2.6392601764e-06	0.0613944	6.489999999999968e-05	0.00376927235136	4.212009999999959e-09	0.167033	-0.01728200000000002	0.027900023088999998	0.0002986675240000007	7.63459e-07	0.000280630459	5.828696446810001e-13	7.875345451855067e-08	4.28149e-05	0.0002273129	5.167115450640999e-08	1.8331156620099995e-09	-0.000127622	2.8100000000000087e-06	7.896100000000049e-12	1.6287374884000002e-08	0.0	0.0
4522.620029442909	7.207619044214881	20454091.93071818	51.949772286529026	4787.233136762272	10.589882785623557	112.14561741324616	22917601.105714746	4707.357289454275	0.028031815242684388	0.0007857826657999928	22159212.650578294	4697.506125028144	3768.475413854879	0.8679899999999999	12.690962	0.03758628544999999	0.022774400000000004	0.0616436414	-0.026366893199999998	-0.1000615367	-0.0498842244	-0.0238775579	0.0002422031	-0.0771645529	-0.0760784875	-0.0198469056	-0.0057863674	-0.06849559919999999	0.0822700828	0.0107754369	0.0753616721	0.1049016965	-0.09533891380000001	0.1075321041	0.015401776899999999	0.0111187725	0.0118030598	-0.0658780551	0.0005622258	-0.0699268393	-0.11112133029999999	-0.037764658199999995	-0.0039184756	-0.06778126450000001	-0.0605032143	-0.0768951853	0.0005094264	0.06571632349999999	0.026143868599999998	-0.0694306063	-0.0443756083	-0.026534676400000002	0.0666830073	-0.08409057550000001	-0.1333969201	-0.0528407027	0.034419510800000004	0.0757663769	0.0816929113	0.043245094000000005	-0.0574276589	0.0356702057	-0.0885982606	-0.0152607397	-0.0170134591	0.0311313224	0.015980249199999998	-0.021073358700000003	-0.0540536472	0.0289902356	0.057398905	0.015633940500000002	-0.0725038926	-0.0419022908	0.0377411899	0.05732463860000001	0.089493338	-0.1049926263	0.029374373500000002	-0.0384620343	-0.036947209	-0.0857952859	-0.043740078700000004	0.0402184319	-0.16920735190000002	-0.0365262369	-0.037807589700000005	-0.0116201004	0.1515354595	0.1122724009	-0.0390638305	0.0189039323	-0.0039349763	-0.040779575400000004	0.0623975804	-0.0047411992	-0.11464093970000001	0.0245696458	-0.0080847019	0.038216764900000005	-0.0274930301	-0.0024506603	-0.0615994719	-0.075726107	0.0386332763	-0.0961685935	-0.1312492749	0.015089520300000001	0.025073507999999998	-0.0646038583	-0.0861889799	-0.08544439359999999	0.079890755	0.002555154	-0.010529201	-0.0755471325	0.0166861492	-0.053640344000000006	-0.056503668	0.1236747018	0.008724335500000001	-0.0553279993	0.044936797	0.0668520712	-0.0286033839	-0.0335940631	0.0757989257	0.1242476303	-0.043114918700000004	0.012211172099999999	-0.0516150654	-0.1321385408	-0.0518509933	-0.0382117164	-0.023378836899999998	-0.021219248399999998	0.0765411872	0.05018206150000002	-0.031241627799999998	0.014856496499999997	0.0247864868	-0.038191304700000005	-0.054905868	0.0619915863	0.035433604	0.0099122285	-0.0207732856	0.08554060289999997	-0.029082437599999997	-0.0249868673	-0.1055659967	0.0215625401	-0.0195534901	-0.101283844	-0.0473768433	0.0806670593	0.15352399390000002	-0.0359268503	0.0354372898	-0.0247077701	0.0452078907	-0.1472261098	0.1146211719	0.0601801074	-0.0421937846	-0.0196266512	-0.09355830289999999	-0.0579821234	0.0178148297	-0.0499512816	0.0157974798	0.0400068374	-0.0392834841	0.0640635554	0.053990198600000004	0.0782606159	0.034140143399999996	-0.0219616929	-0.07035615	-0.09405936279999999	0.0	0.0	0.0	0.00759793	0.00386429	5.77285402849e-05	1.4932737204100003e-05	0.0446076	-0.016786799999999998	0.00198983797776	0.00028179665423999986	0.165441	-0.0015919999999999823	0.027370724481000003	2.534463999999944e-06	-3.81685e-06	-4.580309e-06	1.4568343922500002e-11	2.0979230535481e-11	-0.000227621	-0.00027043589999999995	7.313557600880997e-08	5.181131964099999e-08	-9.57743e-05	3.1847700000000003e-05	1.0142759952900002e-09	9.17271654049e-09	0.0	0.0
4530.369130969041	7.749101526132108	20524244.462837186	60.04857446230297	4800.285992286422	13.05285552414989	170.3770373343303	23042745.60774124	4707.665861309666	0.3085718553911647	0.09521658993954588	22162117.86174048	4698.107502826293	3789.140004085704	0.8897120000000001	13.008551	0.0677911275	0.0291168	0.08964509720000001	0.047041375499999996	-0.1055269811	-0.0140798949	-0.0328024909	-0.0316558346	-0.07288117870000001	-0.05267076	0.1108479205	-0.027781328900000003	-0.08643247529999999	0.0113856732	0.0248513831	0.0121129025	0.1223431207	0.0512218258	0.0543295045	-0.034449095	0.016542086299999998	-0.016333325	-0.0772843358	-0.0400304168	-0.0620979438	-0.019324481	-0.0241284363	-0.091287769	0.0044967541	0.0019897560999999997	0.0815366971	0.0386095193	-0.040672687799999996	-0.036400664900000004	0.08431165380000001	-0.0774678604	-0.045995186699999996	0.1042647334	-0.0396741519	0.048838686500000006	0.012281836899999999	0.0302433389	0.1257527953	0.1348698145	0.0615327824	-0.08548182859999999	0.2332343021	-0.010511162099999999	0.0053466581	-0.0313140306	-0.0204175984	-0.083589184	-0.1150359862	-0.13227702789999998	-0.035054813399999996	0.0225348651	0.1379402998	-0.0040886329999999995	0.0027534271	-0.0532692184	-0.09639269130000001	-0.06359642929999999	0.044576864199999996	0.0404679499	0.07962091610000001	-0.0410115535	-0.0349711772	-0.0188899885	0.0571288725	0.0496392408	-0.1387204765	-0.092575275	-0.050049645499999997	-0.0407001365	-0.0050457264000000005	0.0308500466	0.0065812239000000005	0.0428895655	-0.061567128600000014	-0.0668275284	0.1487997942	-0.012417608200000001	-0.05822863320000001	-0.0454783821	0.10460432539999999	0.11348761339999999	-0.0373504927	-0.0909621639	-0.0168167949	0.051874754800000006	0.032779689	-0.0830472	-0.054186688899999995	0.0708605643	-0.07320450790000001	-0.0846353266	-0.0732131612	0.018328131100000002	-0.0168264573	-0.029958422999999998	-0.0128867528	0.0094198135	-0.010901703799999999	0.006834565	-0.0081193746	0.058724666900000014	0.0891072222	0.0474326375	-0.006212595600000001	-0.0088038125	0.1466130538	-0.020859653	-0.049516200499999996	0.028769993599999998	0.0048908729	0.056232736299999996	-0.0414482125	-0.14245083779999998	-0.0006643128	-0.08993587089999999	-0.0635498946	0.013252078300000001	0.0136730764	0.168401075	0.0426164176	0.2100316877	-0.1091707899	-0.1067244941	-0.1292423032	-0.0116661305	-0.011841197099999999	-0.0062583674	0.1821778308	0.0144211475	-0.0655568744	0.0393701814	0.0271616104	-0.11973963230000001	-0.023002592000000002	-0.0590611283	0.052084888899999994	0.0616042722	0.0544646584	-0.012008501299999998	0.0776963064	0.1085596328	0.1314552431	0.02968723	0.0165785938	-0.0488847097	0.0595003407	-0.0377677799	-0.0522068721	-0.06058500360000001	-0.019692291299999998	0.024727514199999998	-0.0717238986	0.1145882743	-0.1125134782	-0.071751834	0.077492801	0.03162023	-0.0258609294	-0.0738478857	-0.09472341039999999	0.0	0.0	0.0	0.00751094	-8.699000000000033e-05	5.64142196836e-05	7.567260100000057e-09	0.05730800000000001	0.012700400000000008	0.0032842068640000005	0.0001613001601600002	0.148955	-0.016486	0.022187592025	0.000271788196	-0.00033327300000000003	-0.00032945615000000005	1.1107089252900002e-07	1.0854135477282252e-07	4.28149e-05	0.00027043589999999995	7.313557600880997e-08	1.8331156620099995e-09	-0.000266237	-0.00017046270000000002	2.9057532091289996e-08	7.0882140169e-08	0.0	0.0
4534.387247327612	4.0181163585712065	20560667.70872728	16.145259071017527	4740.745651310141	-59.540340976281186	3545.052203571829	22474669.33041601	4704.411286201146	-3.2545751085199304	10.592259136997514	22131485.549736723	4694.956929124079	3804.898940558004	0.865108	12.648824	0.048934275	0.030422300000000006	0.1051877348	0.10748584550000001	-0.10171444589999999	-0.0401075362	-0.0621644978	0.0299924552	0.0318139304	-0.12241417289999999	0.0409935102	-0.042688988399999996	-0.067484502	0.0207387245	0.0750469748	0.09161946720000001	0.0431551954	0.0132491149	-0.031829451200000004	0.0494338187	-0.0560490408	0.0743620717	-0.0172427481	-0.083379626	-0.0031039902	0.032867369	0.0383513366	-0.021045260299999997	0.0783734143	0.05493547309999999	0.1251189161	0.0374847541	-0.0120747474	-0.032584404500000004	-0.0011001336	-0.0805150891	-0.0479741587	0.0905672716	-0.0308054341	0.11038631689999999	-0.1509930965	0.054584553499999994	0.013188080500000001	-0.1802789318	-0.0478191621	-0.058240974699999996	-0.0227298343	0.0496973731	-0.0454217367	0.0008892944	0.1612704081	-0.021472336499999998	-0.0027041773	-0.009659258399999999	-0.0639868134	0.1309738144	0.0239702117	-0.029544360899999997	-0.0953359701	-0.0473346734	0.1055673102	-0.0429173349	-0.1462968536	-0.08122204400000001	0.09844080449999999	-0.0034079848	0.0025149397	-0.0450076775	-0.1253681488	-0.0247372833	-0.0654189037	0.0055471866	0.1256101489	0.0693621046	0.0039763576	-0.0259948705	-0.1006571235	-0.0222614415	0.0105517808	0.13930982849999998	-0.0314907174	0.0714006034	0.0042774111	0.097345675	0.0157078047	-0.1221515287	-0.0478276165	-0.0758425155	-0.0149010815	0.0732476312	-0.0675817197	-0.0549186399	-0.0685461088	-0.053674269299999994	-0.0235037967	0.0440729474	0.0064928816	0.0998600001	-0.0524050588	0.0593013792	0.0383422548	-0.015045935600000001	0.058082089	0.0200337881	-0.0532270336	0.031710978199999997	0.1423738229	-0.0297079873	-0.008483511899999999	-0.021799460099999998	0.145853982	0.0671591531	-0.1040868882	-0.015447734099999999	-0.1385654721	0.023892028	-0.0412283652	0.0043273846	0.1388602397	0.018139208	0.010310061899999999	-0.029846561299999998	0.0737774753	-0.0040657387	0.0476468875	-0.0322410464	0.1024532795	-0.030609436	0.1163533376	0.0279992705	0.1617135498	-0.0018456326	-0.0674446297	-0.023975632599999998	-0.050395114000000005	-0.024001489900000002	0.126555655	-0.0589070725	0.0407276157	-0.18088668579999997	0.046399494900000005	0.0600586632	0.0580359264	0.14280669880000002	0.0301195992	-0.0090739578	-0.049131036399999994	0.06323044929999999	4.4295900000000004e-05	0.0312109405	-0.012323238200000001	0.113535619	0.07675637440000001	0.026483181	0.12086037640000001	-0.0602382474	0.0796930304	-0.08709388609999999	0.0402270312	0.059611814699999995	0.07670946769999999	0.029074989300000006	-0.0297135627	-0.0771030644	-0.09491342359999999	0.0	0.0	0.0	0.00754161	3.067e-05	5.68758813921e-05	9.406489e-10	0.061412	0.0041039999999999965	0.003771433744	1.684281599999997e-05	0.13222	-0.016735	0.0174821284	0.00028006022499999997	6.726410000000002e-05	0.0004005371000000001	4.524459148810003e-09	1.6042996847641006e-07	4.28149e-05	0.0	0.0	1.8331156620099995e-09	-0.000105482	0.000160755	2.5842170025e-08	1.1126452323999999e-08	0.0	0.0
4539.965265491571	5.5780181639584026	20611284.61186995	31.11428663744989	4775.8842623775645	35.13861106742388	1234.7219877476841	22809070.48762569	4707.189838188549	2.7785519874032616	7.7203511467026145	22157636.17274554	4697.372861253962	3835.4739310479276	0.857776	12.541612	0.053543225	0.037030400000000005	0.1332837694	0.1328442553	-0.0706211647	-0.007366799300000002	-0.049687566600000004	-0.0280355121	-0.0035278358000000007	-0.056421857	0.020779855	-0.044580089	-0.10371086189999999	-0.0916410064	0.0353305831	0.0328469576	-0.0217856003	-0.0638747463	-0.0023252899	0.0562745725	0.0190523396	0.11010185130000001	-0.0023131014000000003	-0.0006006996	-0.1747079867	0.09596907560000001	-0.12699177650000001	0.010184505	-0.1206886191	-0.0114314755	-0.0204479394	0.0106400823	-0.0013820645	-0.0307092362	-0.0085778738	0.1038908256	0.1194363653	-0.05070052	0.0171515469	0.0080132964	-0.17372326300000002	0.0257514965	0.09720533619999999	-0.0181215918	-0.0465943715	-0.16311025810000002	-0.0095522925	-0.1135944021	0.013427163700000001	0.0234680723	-0.0006321457	-0.045281933200000006	-0.0281360111	0.044122372800000004	0.0001784171	-0.060487844299999996	0.0256011218	0.0021284592999999997	-0.09525487210000001	0.0461024871	-0.035797961	-0.16929742550000001	0.03405105	-0.035080709	0.0438944013	0.012902288999999999	0.035732198199999995	-0.0162891655	0.11706297130000001	0.0469477034	0.0744284199	-0.1154842221	-0.0411070333	-0.0283392026	0.0195187775	-0.0803636854	0.0427084007	0.0075220665000000015	0.0597219388	-0.0121740154	0.027815990699999998	-0.0025078569	-0.0785600829	0.0153137454	0.02561006	0.011478441	-0.0567319277	-0.0903174957	0.0459980441	0.0892140593	-0.0555006761	0.0459663085	0.045175477699999994	0.0056542105	-0.041749499	0.026664392400000004	-0.0508730252	0.1015698716	-0.183967215	-0.0937780399	-0.0314878884	0.020632733	-0.020111031	0.1069861799	-0.008908392900000001	0.11957781029999999	-0.0409197863	0.0290228598	-0.017430424	-0.031965716400000004	-0.0635107758	-0.0812826309	0.0003024766	0.0609016957	-0.1360959897	-0.13515566380000002	-0.089488968	-0.0342986671	0.024852754100000003	0.0172386287	-0.0020603842000000002	0.0414093517	0.0239898161	-0.09865051050000001	0.0653105431	-0.09796082019999999	0.0367777632	-0.0498073288	-0.09201368800000001	-0.017389663700000002	-0.0919242486	0.027922965600000002	0.0884144657	0.021075692000000004	0.0267606443	-0.0014603788	0.07623958480000001	-0.11572724779999999	0.10302281869999999	-0.0683034587	-0.0356072964	-0.0414024182	0.0048563261	-0.1043091931	-0.055899798099999995	-0.0928989083	0.1007932533	0.0122160481	0.0257346496	-0.0876313398	-0.0201019265	-0.0829912861	0.0082864002	-0.0181736674	0.0398483559	0.0093492112	-0.0317787723	0.0036587739	-0.0262890542	-0.037646554	0.0759107728	0.0265064599	-0.0335126502	-0.0801112588	-0.09462845140000001	0.0	0.0	0.0	0.00751094	-3.067e-05	5.64142196836e-05	9.406489e-10	0.0613266	-8.54000000000063e-05	0.0037609518675599993	7.293160000001077e-09	0.14904	0.016819999999999998	0.0222129216	0.00028291240000000005	-0.000504123	-0.0005713871000000001	2.54139999129e-07	3.264832180464101e-07	4.28149e-05	0.0	0.0	1.8331156620099995e-09	-0.000266238	-0.00016075599999999996	2.584249153599999e-08	7.0882672644e-08	0.0	0.0
4538.492926999042	-1.4723384925291612	20597918.04842033	2.1677806365830428	4761.928416848183	-13.955845529381804	194.76562443996607	22675962.24718624	4712.27705793582	5.087219747270866	25.879804757022644	22205555.07074827	4702.820734031777	3859.294474972594	0.956397	13.983566	0.060659841700000015	0.030960700000000008	0.1303810202	0.1218907816	-0.0057822748	-0.0419876343	-0.0178281141	-0.01286023	-0.017455308200000002	-0.0542173933	-0.0905667427	0.0309214139	-0.09611639	-0.07919421559999999	0.048166041	-0.042031432599999995	0.0528010391	0.0720859275	0.0035440498	0.10088860460000001	0.007481776099999999	0.13886242070000002	-0.0245057751	-0.0268665832	-0.009930791	-0.0654239618	-0.0271829279	0.0016259904999999999	-0.1935528425	0.037884686699999996	0.0373838472	-0.12113827529999999	-0.0324547792	-0.0322325251	-0.042064614199999996	0.0047896356	0.08997059589999999	-0.07429914650000001	0.09078919519999999	-0.0918236843	-0.0729441416	-0.0494705222	0.1083841524	-0.0717497346	0.017059758799999998	-0.0284572194	0.034422185	-0.0440446388	0.035460108	0.0497506722	0.1322188309	0.060721299299999996	-0.0280976349	0.046743796799999994	-0.010700794	0.0774516598	-0.0299566695	0.036250210899999996	-0.0687766804	0.0861877724	-0.0567781507	-0.0968795783	-0.0356928969	-0.0497406172	-0.08345804400000001	0.0055064765	0.1210021677	0.0637663993	-0.0190559772	0.0676576963	-0.0174521628	-0.051554578600000005	0.1080929777	-0.0497712371	0.0539972045	0.1009096093	0.0399385245	0.0834810684	-0.073995745	-0.0165490883	-0.0581183967	-0.022593384100000002	-0.0849168452	0.080306612	-0.029334896200000002	-0.034056847599999995	0.0176185521	-0.0973596627	0.060383850999999995	0.08631023550000001	0.09628626439999999	-0.0249077721	-0.016197048500000002	-0.08663781710000001	-0.0852699116	0.0277631848	0.0496200909	0.0960836425	-0.0713492958	-0.0455812838	0.0249396989	0.1658073979	0.0288429254	-0.024373165899999997	0.0357366308	0.0867133623	-0.102243347	-0.07704449940000001	-0.0815698104	-0.0690579036	-0.0167935084	-0.1198006502	0.0091863436	-0.0314305131	-0.005881829	-0.1686759299	0.0546575292	0.0035050844	0.0031609446000000004	0.021371001	-0.0005603579	0.0015755635999999999	0.0657542058	-0.09262314070000001	0.1073105701	-0.0030536720000000003	0.0837891915	-0.0243936794	0.082888741	0.0665300784	0.0019737568	0.0781233539	0.1008783791	0.063505897	0.0294994988	-0.048788215499999996	0.051419976500000006	0.0237503581	0.0328278897	-0.0812578029	-0.0574621459	-0.046371511799999994	-0.0774150578	-0.0283434825	0.11142262039999999	-0.0249578419	0.1013456854	-0.10923424550000001	-0.0354671238	-0.052520532300000006	-0.0681158647	0.0563695383	-0.10578809119999999	-0.0226080102	0.0259262694	0.0015899579	-0.0334074325	-0.017553825500000002	0.09788052480000001	0.0703106394	0.0750968762	0.0239166992	-0.0372513456	-0.08286283259999999	-0.0938699199	0.0	0.0	0.0	-5.15267e-05	-0.0075624667	2.6550008128900004e-09	5.71909025886089e-05	0.0647028	0.0033762000000000093	0.004186452327840001	1.1398726440000066e-05	0.13268	-0.016360000000000013	0.0176039824	0.00026764960000000043	-0.000102149	0.00040197400000000004	1.0434418201e-08	1.6158309667599998e-07	-5.99116e-05	-0.0001027265	1.0552733802249996e-08	3.58939981456e-09	-0.000103715	0.00016252299999999998	2.641372552899999e-08	1.0756801225000002e-08	0.0	0.0
4525.2445511872465	-13.248375811795087	20477838.248049866	175.5194616505571	4779.919217716564	17.990800868381484	323.6689158857559	22847627.72789613	4716.310089127272	4.0330311914512995	16.265340591219097	22243580.856803693	4705.6639936032625	3799.682683602328	1.019024	14.899241	0.06963990169999999	0.036461	0.07159595070000001	0.0939796325	0.0112524974	0.0099658218	0.0813565758	0.0340836711	0.0980470024	-0.0978985335	0.0253524313	0.1182252592	-0.0304501038	-0.1214282113	-0.0065734908	0.1559624727	-0.0751479641	0.007914216600000001	-0.0681500875	-0.005626024300000001	-0.0687222759	0.08177662769999999	0.049480604000000004	-0.0857273981	-0.0069071089	-0.0171056558	0.0256038029	0.15098820300000002	-0.0331712151	-0.066996489	-0.13124600990000002	-0.012981325600000001	0.14231183279999998	-0.052362879	-0.0059363709	0.0304497481	0.0434929309	-0.027946716099999998	-0.0020082073000000002	-0.044246870599999995	0.0287084986	0.1415488062	0.0168121147	-0.064286463	-0.0079468811	-0.011342462	0.135407755	0.0426726584	-0.0020819859	-0.0367953657	0.0362563925	-0.0267626407	0.0382902598	-0.059330350999999996	0.0542799202	-0.1311783044	-0.0444456481	-0.0151430486	-0.0338350579	-0.018954168799999997	0.14704720529999998	0.039120004	-0.10685475550000001	-0.0217018175	-0.0826351185	0.0346256888	-0.08387282360000001	-0.0109665102	-0.0647220526	0.1066698409	-0.027113056899999998	0.08695595460000001	0.0645733909	-0.0004989780000000001	-0.07115337070000001	-0.1032156117	0.022616955	-0.0544648686	-0.0654429953	0.08277991059999999	-0.0407811474	0.07867865610000001	-0.0839237652	-0.0205522253	-0.0188017676	0.1249383627	0.0867746304	-0.0566684369	0.16287836460000002	-0.0235760429	-0.1166079927	0.0581509655	-0.1086195865	-0.0648640563	0.0498110351	0.0756975966	0.036728551899999996	0.0774520694	-0.0128348503	0.0743681268	-0.012491738300000001	-0.0214943868	-0.0176433533	0.0427127426	0.0495177454	0.011002897	-0.1519865589	-0.0619166223	0.1136525692	-0.026404794300000003	-0.1503686831	-0.0541545103	0.0257100498	0.020418122099999998	0.022075748399999998	0.0333862842	-0.07494778519999999	-0.0457655219	0.1232742786	0.0537497813	-0.020301023799999998	0.0217309525	-0.0147348802	0.1250728016	0.0252968743	0.0577868625	-0.034358294500000004	-0.09814740109999999	0.0723980477	-0.0061121835999999995	-0.0095023759	-0.0386026924	-0.0816650035	-0.0945189593	0.0604574546	-0.073919568	0.0568632637	0.1213431643	0.0547316804	-0.0694106267	-0.0273902959	0.06896202280000001	-0.0196574378	0.029821539900000006	-0.065936143	0.0386196892	0.025564948599999998	-0.0379003353	0.0437778554	0.12872060429999999	-0.0190965891	0.0582631442	-0.0081836967	0.06294447809999999	0.1574448684	0.1260925642	0.0559647181	-0.047059525	-0.012804818700000001	-0.22686573629999998	0.07426794099999999	0.021307781499999998	-0.0409229116	-0.08534897179999999	-0.0926416252	0.0	0.0	0.0	0.0075543999999999984	0.0076059267000000005	5.706895935999999e-05	5.785012096577288e-05	0.0923575	0.027654700000000004	0.008529907806250002	0.0007647824320900003	0.151825	0.019144999999999995	0.023050830625	0.0003665310249999998	6.726410000000002e-05	0.00016941310000000002	4.524459148810003e-09	2.870079845161001e-08	-9.5e-05	-3.5088399999999994e-05	1.2311958145599994e-09	9.024999999999998e-09	-0.000203899	-0.000100184	1.0036833856000001e-08	4.1574802201e-08	0.0	0.0
4514.515141859926	-10.729409327320354	20380846.96608255	115.12022451318902	4780.933206493204	1.0139887766399625	1.0281732391518077	22857322.32494939	4714.139509491571	-2.1705796357009604	4.711415954919714	22223111.314949427	4702.444062007184	3733.788449921088	1.119946	16.374832	0.056467175	0.0318899	-0.031121969500000006	0.0638502021	0.0921901778	0.0389208001	0.0941148866	-0.109128646	0.21725489420000002	0.0047581663	0.0667651767	0.11377721980000001	0.0695488398	-0.07180739900000001	-0.0765651129	0.035403867799999995	0.0795053387	0.0003663146	0.10726522570000001	0.017888233400000002	0.1447013186	0.0854145855	-0.0974977943	-0.1056809038	0.012705508999999999	0.0402351219	0.0749514454	0.1574395956	-0.021918893199999998	0.046867707300000006	-0.0370706593	-0.010844038600000001	-0.0168056843	0.12371526599999999	0.0419580968	0.039554814199999996	-0.0251019115	-0.019014461399999998	0.169107872	0.030235212400000006	0.1512105222	0.0007694528	0.0115344445	0.0196992167	0.026667455099999997	-0.0350805597	-0.0392272011	0.10412080580000001	-0.0765974675	-0.0475745981	-0.0202055501	0.1324238993	-0.1282128901	0.06917749599999999	0.0833044012	-0.12952708470000002	-0.1140951677	0.00033288690000000005	-0.0113791475	0.06587339219999999	-0.0076570697	-0.0650294773	0.0434338888	0.026672654599999998	0.0547365988	-0.0297124539	-0.0066685537	0.033172112999999996	-0.0924343356	-0.0516706565	0.0559847177	-0.0215438854	-0.0272855184	0.0448170616	-0.0934846273	0.0481584933	-0.0538208424	0.0721735553	0.0400898222	0.0091155604	-0.0629970542	-0.0393863645	0.0411620272	0.0036047734999999997	-0.122591172	-0.0668682486	0.1040239072	0.0624214344	0.09756107609999999	-0.0543206042	0.035803485600000004	-0.033740883799999996	-0.0297064481	0.0744098293	-0.0737727871	-0.1501920374	0.1155424384	0.16993941280000002	0.0202499312	-0.0025982359	0.0501807866	-0.0435597937	0.022450212599999998	0.0791668995	-0.028178114900000002	-0.0355484632	-0.1760233423	-0.04708823980000002	-0.038954604	0.1281624541	0.0370627528	-0.026845809100000003	-0.021703194	0.08367369599999999	0.0869873723	0.030179027799999997	0.0355769553	0.013567318899999998	-0.0319901681	0.0097750814	0.1375304507	-0.0550299641	0.0577254492	0.0537982937	-0.0081844134	0.043131389900000004	0.06557340519999999	0.0767202501	0.0307029975	-0.0356447257	-0.2336682688	-0.054824626900000006	-0.0143048728	0.0407989986	0.0615304824	-0.1382835339	0.054689648	-0.026106623399999997	0.05609040690000002	0.0633304419	-0.0053695979	-0.0342594521	-0.069629649	0.06498972410000001	0.014725439299999999	-0.047752643899999996	-0.0753169624	0.0710187282	-0.0761435246	0.0103699616	0.0660366859	0.001637121	0.119453752	-0.0634819264	0.0333019394	-0.0514761237	0.0079046392	-0.0253656507	0.0830321693	0.0453510662	0.0734241332	0.0186817967	-0.0445207318	-0.0875617125	-0.0909497141	0.0	0.0	0.0	0.00193458	-0.005619819999999999	3.7425997764e-06	3.158237683239999e-05	0.06586499999999999	-0.026492500000000016	0.004338198224999999	0.0007018525562500008	0.159437	0.007612000000000008	0.025420156969	5.7942544000000125e-05	-0.00011267	-0.0001799341	1.26945289e-08	3.2376280342810005e-08	-0.00018758400000000005	-9.258400000000003e-05	8.571797056000005e-09	3.518775705600001e-08	-0.000266238	-6.233899999999996e-05	3.886150920999995e-09	7.0882672644e-08	0.0	0.0
4506.925218356801	-7.589923503124738	20312374.9238605	57.60693878328529	4797.874018983407	16.940812490202912	286.99112782821516	23019595.10203599	4707.691230472275	-6.448279019296024	41.58030231069329	22162356.72146556	4696.133528857914	3718.195794072761	1.019065	14.89984	0.037346986	0.0191346	-0.0647672659	-0.0270189486	0.11379478720000001	-0.0982503127	0.1020871564	0.15234805869999998	0.00042257309999999996	0.0200418489	0.0364566401	0.0649775578	0.1333279631	0.0642571365	-0.0024505712	0.142860193	-0.015471523999999999	0.017411425300000002	0.0948618883	0.0196541914	-0.0323915542	0.0386183441	-0.0133846104	0.014169898899999997	0.008479138	0.021745449700000002	0.0412012899	0.0085706353	0.012593315800000001	-0.028774016099999997	-0.0010412585000000002	0.0558130901	0.0040420774	-0.0570066954	0.0732387153	-0.0676108744	-0.0660749868	-0.0253651004	-0.1013384611	-0.0058594959	-0.08796091060000001	-0.0352984294	0.034176485	0.0643723648	-0.1100957741	-0.1451464033	-0.0892411225	0.016765978600000002	0.056641349800000004	0.0607516395	-0.0546197876	0.029454632	0.0230854118	-0.06895812330000001	-0.0072583525	-0.028534941400000007	-0.1734773047	-0.0408746669	0.0224485593	-0.12169568480000001	-0.014380470800000001	0.0683428247	0.012305360900000001	0.027513715299999998	0.0008290327000000001	-0.0128950937	0.054840630599999995	0.046044211200000004	-0.0880976898	0.015265892	0.11497971650000001	0.0093398172	-0.05675467610000001	0.1190769003	0.0048384783	0.1241657628	0.010076811	0.0316695086	-0.0038279419	-0.0355359706	-0.1204601169	0.0155525743	-0.068351025	-0.0118665325	0.0837446335	0.0002835558	0.07789932349999999	0.128914824	-0.032138689	-0.0389419035	-0.1125327881	-0.030815538700000002	-0.0799745986	-0.13398217169999999	-0.0214508545	-0.0667080153	-0.0215249592	0.0391608773	0.0209570761	-0.0332864305	0.0021176842	-0.0264784981	0.0284220567	0.0053614069999999995	0.0163612146	0.0521662558	0.06437924639999999	0.0664104871	0.1285673283	0.039733101800000004	-0.0167466198	0.0417820146	-0.0927895168	-0.0193654994	-0.028540319300000002	-0.0061887189	-0.1196596815	-0.0320951021	-0.0030510531	-0.1395041375	0.0051754748	-0.0945028392	-0.0343148027	-0.0304043931	0.0707865754	-0.0100850679	-0.012489398999999998	0.0488353942	0.0139171045	0.0324912468	-0.0199285279	0.0376505427	-0.0999406219	0.0680768329	0.11158716519999999	-0.047823100800000004	-0.14166159	0.015311716599999999	-0.061372817300000014	0.052228268499999994	0.0234290996	-0.10361146019999999	-0.07919954530000001	0.0655064027	-0.0052496871	-0.1012767625	0.0647026003	0.09494975230000001	-0.071798367	0.0244738317	0.0609052662	0.0393744809	-0.07129493769999999	0.02626956	-0.156252631	-0.0109398761	0.0020240327	-0.1320240378	0.0087918084	0.0046037496	0.0725656218	0.016040848	-0.0480383225	-0.0894939666	-0.08880265359999999	0.0	0.0	0.0	0.000970044	-0.0009645360000000001	9.40985361936e-07	9.30329695296e-07	0.06597339999999999	0.0001083999999999946	0.004352489507559999	1.1750559999998831e-08	0.170683	0.011246000000000006	0.029132686488999998	0.00012647251600000014	0.000170592	0.000283262	2.9101630464e-08	8.023736064400001e-08	-0.00011740000000000002	7.018399999999999e-05	4.925793856e-09	1.3782760000000003e-08	-0.000119123	0.00014711499999999996	2.1642823224999993e-08	1.4190289128999996e-08	0.0	0.0
4506.4180370147715	-0.5071813420299804	20307803.524332065	0.257232913703332	4821.288759816776	23.41474083336925	548.2500882938493	23244825.30553559	4704.668675955882	-3.022554516393029	9.1358358045679	22133907.35052047	4694.883154409112	3772.7112532263122	1.109276	16.218819	0.015962260999999985	0.00892792	-0.0054336298	-0.1551814637	0.0409786755	0.0665332205	-0.0029302028999999997	0.087801645	-0.10145301470000001	0.1828241414	0.0752737579	-0.0055042116	0.0399289043	0.0940629967	-0.10688560429999999	0.033486816600000004	-0.1079550594	0.039657788199999995	-0.0228012129	-0.0264936043	-0.0449984494	-0.0826980068	0.0837018079	0.052826114699999996	-0.053829358099999995	-0.0644517928	-0.0061403683999999995	0.0637102045	0.0058239727	-0.049583871200000004	-0.0837535193	0.0074394253	-0.0781729477	0.06474825320000001	-0.020594488600000002	-0.0343694411	-0.0474017947	-0.0437214592	-0.1118758296	-0.0044989808	0.0492092735	-0.0474444063	-0.1339733351	0.039945654500000004	-0.0215734635	-0.18158698129999998	0.0338695355	-0.0030120102000000004	0.043597542999999996	0.0515261376	-0.0446523298	-0.0109957622	-0.047994693899999996	0.0192377879	0.0508290042	-0.17291952230000002	0.06785646969999999	-0.0119803554	-0.0205864176	0.0647560999	-0.0020228518	0.0074793389	0.0043696118	-0.077634886	0.0329292241	-0.040384415800000004	0.0086085556	0.0632555787	-0.0159124553	0.0075755255	-0.0808108689	-0.0723374341	0.045795689800000004	-0.0398349861	-0.0378339801	0.0907120127	-0.1652188098	-0.0295338545	-0.0412185816	0.0488874694	-0.0007839230000000001	-0.0108122105	-0.0406260177	0.0164147299	-0.0624000858	0.1166475283	0.0180788565	0.0428760687	-0.1075163996	-0.1181625659	-0.016402553400000002	0.0730096082	-0.0162932981	-0.0213459825	0.036895695299999996	0.0220730991	-0.051103265300000006	-0.1095882239	-0.0034725544000000002	0.0394192406	-0.106813176	0.031033419	-0.0372736356	0.0153564526	0.0645443777	-0.0264479739	-0.0816130934	0.0879093958	-0.012504181699999999	0.0630005448	-0.0927518825	0.055999172300000004	-0.0232830905	-0.089484041	-0.010313719	0.0852785982	-0.0610493691	0.0911599138	-0.0087200687	-0.1519240465	0.025034008599999998	0.0094776854	0.0128020302	0.043702870899999996	0.1066708858	-0.0172639194	0.001712171	-0.0066820767	-0.086448379	-0.0484907709	-0.0964497076	-0.0378964782	0.0301268049	-0.11431363359999999	0.0346267032	0.0352626826	0.023496000299999997	0.0250707508	0.054540455300000006	-0.0157805259	-0.0246992987	0.0053605687	-0.0221034594	0.0062067016000000004	0.075742666	-0.011683648799999998	0.0306341009	0.0138139696	-0.0136603566	-0.015384111499999999	0.08758065470000001	0.19795903850000002	0.0868193652	0.0240762054	0.0479777787	0.1081821303	-0.108834463	0.0105876877	0.0531562529	0.0381481952	0.0716925786	0.013387050800000001	-0.051469345	-0.09113954460000001	-0.0862111885	0.0	0.0	0.0	0.00160966	0.000639616	2.5910053156e-06	4.09108627456e-07	0.0612692	-0.004704199999999985	0.00375391486864	2.2129497639999854e-05	0.172139	0.0014560000000000126	0.029631835321000007	2.119936000000037e-06	6.726410000000002e-05	-0.0001033279	4.524459148810003e-09	1.0676654918409996e-08	-0.000120742	-3.3419999999999826e-06	1.1168963999999884e-11	1.4578630563999999e-08	-0.000195702	-7.657900000000003e-05	5.864343241000004e-09	3.8299272804000006e-08	0.0	0.0
4510.743425027788	4.325388013016891	20346806.24643142	18.70898146315021	4804.218948754397	-17.069811062378903	291.3784497053132	23080519.70757081	4703.611824747427	-1.0568512084546455	1.1169344768120446	22123964.19790382	4694.644715082442	3746.3000346590557	0.9132110000000002	13.352138	0.047887894999999986	0.0274067	0.0018149096	-0.1224536233	-0.0151702492	0.0530069529	-0.034756547400000004	0.0802297531	-0.061836801	0.0050927581	-0.0037482889	-0.013084163000000001	-0.0076277398	0.1616375253	-0.012116181799999999	-0.0360342019	-0.0095749576	0.0708444344	0.0391063106	-0.08998652830000001	0.0672997575	-0.0879395066	0.0034406001000000003	-0.0314124992	-0.0014312555	-0.0643357031	0.115832197	0.0590370435	0.0335178832	-0.0062218801	0.0032745078999999997	-0.1140403113	0.06320500009999999	-0.0407974602	-0.0318448633	0.040464658	0.0352161181	0.0721595576	-0.1041049892	0.0435656769	0.010033913299999999	0.0492632514	-0.0660859048	-0.1246743618	-0.046066656399999996	-0.0168226876	0.0607487494	0.0725777121	-0.0407486375	0.0160469556	-0.040908984100000004	-0.0449664025	-0.026872237799999997	-0.0149805223	-0.0729051809	0.033136342400000005	-0.056056229699999995	0.0904724718	0.014152688	-0.0225770807	0.07107201169999999	0.0225401362	0.006171064	-0.0090926763	0.0112407601	0.0128511812	-0.0805839923	0.0544786871	-0.0706242808	-0.1353387332	-0.0138318099	0.13588260859999998	-0.1183503251	-0.1028812416	-0.0619221684	0.0465088779	-0.014139465300000001	-0.11605921179999999	0.061052719299999995	0.0429931826	-0.061072071900000004	-0.0910988217	0.0393778952	-0.0059636913	0.020749643999999998	0.0412299715	0.0053345848	-0.0099339539	-0.13578188619999998	-0.0610705858	0.0287926737	-0.0344823046	-0.0536090055	0.034224819	0.0728147737	-0.0751343936	0.017067163	-0.071369333	0.0854310901	0.07497875	-0.0149747679	0.011078193799999999	0.1354191998	-0.0100931348	0.0693843263	-0.046243817199999995	-0.0261672401	-0.0547082088	-0.0190899723	-0.073543598	-0.035168138	-0.034833219500000005	0.0173395607	0.035899674900000005	-0.1152716286	0.10322725390000001	-0.012293542099999999	-0.0113486124	0.0994154126	0.018935669	-0.0136566221	-0.054635840899999996	0.0168406991	0.0770455112	-0.0166535059	-0.0162226594	-0.0425103643	-0.020053948999999998	0.0108725256	0.1345174634	0.0271871913	0.03228406	-0.0358551159	-0.0462737795	0.0089764248	0.0395654815	0.0073150086	0.0579285735	0.0164755582	0.0348810875	0.0166308707	-0.0821608337	0.0029685468	-0.0272989064	0.039239679300000004	0.12098033009999999	-0.1840890782	-0.0039585961	-0.024889478599999997	0.015479076599999999	0.014741648100000001	-0.0258708392	0.1695555357	0.0343337656	-0.1196484156	0.0102594587	0.0144355194	0.0194642684	0.0556362299	-0.0188855246	0.0708051784	0.010722530800000001	-0.0548076162	-0.0924931752	-0.0831882876	0.0	0.0	0.0	0.00434422	0.0027345600000000005	1.88722474084e-05	7.477818393600002e-06	0.0425915	-0.018677700000000002	0.0018140358722500004	0.00034885647728999993	0.166102	-0.006037000000000015	0.027589874404	3.644536900000017e-05	1.07004e-05	-5.656370000000002e-05	1.1449856016e-10	3.1994521576900016e-09	-0.000467812	-0.00034706999999999994	1.2045758489999996e-07	2.1884806734400002e-07	-0.000200841	-5.138999999999978e-06	2.6409320999999788e-11	4.0337107281e-08	0.0	0.0
4514.002025804687	3.2586007768986747	20376214.28896882	10.618479023204646	4793.953062382611	-10.26588637178611	105.38842299842379	22981985.96432762	4707.452775136277	3.8409503888497056	14.752899889604704	22160111.630138233	4698.487487466712	3766.250331374254	0.8701969999999999	12.723228	0.06565394999999999	0.0342726	0.0333259193	-0.1021574176	-0.0307811944	0.1068918391	-0.038540533700000004	0.0319495917	-0.08115205889999999	0.030533847000000006	-0.0366008858	0.000646693	-0.05782658900000001	0.0439001461	-0.0079726716	-0.023370118199999998	-0.1247507325	-0.0073473265	-0.0146006647	-0.0365214682	-0.0194306367	-0.0734846012	-0.0481098247	0.0896434497	0.12254340550000001	0.0604260221	0.09992766630000001	0.05720746	0.04291543	-0.0943479553	0.049579043499999996	0.0198392337	0.0333654012	0.1258373713	0.0256506706	-0.0610278975	0.0525655188	-0.0917329738	-0.0529148043	-0.0569707454	-0.1279142676	0.027640480800000002	-0.0108730368	0.057070903099999994	0.0564088271	0.0919407448	-0.040233208799999996	0.1184987867	-0.017807387	-0.0821807709	0.048078450099999996	0.09827536	0.0467770599	-0.0169726159	-0.046483353899999996	0.052925362000000004	-0.0344097638	-0.0144487881	0.0244919934	0.00321978	-0.058358495199999985	-0.0809449399	0.013673058200000001	-0.0471879215	-0.0429584469	-0.09076474279999999	-0.045518148200000004	-0.1222352952	-0.024277669100000003	-0.09955160769999999	-0.0617090761	0.0029073151	-0.0691905639	-0.0547192991	-0.0439523135	0.0360705125	0.094271566	0.021746341800000003	-0.0678806532	-0.1565970652	-0.0346215847	-0.0065352058	-0.017970736299999998	0.01327547	0.050466486500000005	-0.0416131016	0.0094773978	-0.0543677717	-0.0580670365	-0.023520681800000002	-0.031647125899999996	0.0858157397	0.0481033085	-0.0283884862	0.0661747177	0.0145581719	-0.0264435539	-0.0800085617	0.1592904745	-0.030322593399999997	0.0566637775	-0.1158203469	0.0114173953	-0.0052714531	0.0232366171	0.033446654900000004	0.026016665499999998	-0.0177160437	0.013056878999999999	0.1614345253	0.0265373629	-0.0454758739	0.0014635385	-0.1339371099	-0.0148101674	-0.1217556125	-0.0431807684	0.0464982582	-0.030752653300000002	0.0756245405	0.0131380867	-0.0521797894	-0.0541339963	0.0479801626	-0.0964297225	0.042620369500000005	0.0783700336	0.038714760200000004	0.0428286941	-0.0129258921	0.0608133704	0.11596686279999999	-0.020256291200000002	0.1069314092	-0.0031295458000000003	-0.0466440547	0.049186698099999995	0.0364093375	0.10652143789999999	0.0781799811	0.0267372785	0.060066325	0.0829538165	-0.028911786600000006	0.142138979	0.0447193885	-0.0770362968	-0.0292642104	0.0201281634	-0.0070278136	0.0384785061	-0.0713064789	-0.10719952619999999	0.0009047192	-0.0758073016	-0.0341855275	-0.0563759573	-0.0407662007	-0.0202593526	-0.0108394571	0.0699035991	0.0080494221	-0.0580471204	-0.09355052220000001	-0.07974907860000001	0.0	0.0	0.0	0.00762755	0.00328333	5.8179519002500014e-05	1.07802558889e-05	0.0695117	0.02692019999999999	0.0048318764368900004	0.0007246971680399995	0.181946	0.015843999999999997	0.033104346916	0.0002510323359999999	-0.000302914	-0.0003136144	9.175689139600001e-08	9.835399188736e-08	-0.000393956	7.385599999999998e-05	5.454708735999995e-09	1.5520132993599998e-07	-0.000196183	4.657999999999995e-06	2.1696963999999954e-11	3.8487769489e-08	0.0	0.0
4511.922731421423	-2.079294383263914	20357446.734317355	4.32346513227286	4800.336991721933	6.383929339322094	40.754553809457434	23043235.234093986	4710.688489788629	3.2357146523527263	10.469849311450123	22190586.04782708	4702.524461953803	3744.8577473055125	0.8860219999999999	12.9546	0.05464939499999998	0.028491	0.016172293	-0.0878165869	-0.042037889800000006	0.1207859558	0.0082858845	0.0392055024	-0.0024721696	-0.0171272691	-0.12414587839999999	0.061803327699999994	-0.0749149242	0.0744771887	-0.06381004030000001	-0.0769873095	-0.0322918685	0.041815543999999996	0.0222971998	-0.0701188794	0.006178164	0.012111096200000001	0.0039569058	0.1044734868	-0.0290587306	0.0064581998	0.1815351003	-0.042846604100000005	-0.055872329299999995	-0.0261754867	0.0034641162	-0.0220613517	0.0368012805	0.0960864608	-0.10277895320000001	0.0754809437	-0.011691391	-0.08832695880000001	0.028946805899999997	0.0324709174	0.0586541284	0.0208585577	-0.0043418555	-0.0525432169	0.0739814116	0.0497198933	-0.0713724533	-0.06312470839999999	0.07383200320000001	0.0201438169	0.0275760315	-0.024867443700000002	0.0624213129	-0.0642585224	-0.0711961475	0.07077674490000001	-0.1239556758	-0.0332331625	-0.0171704022	-0.0066721204	0.019883802	-0.0653756458	0.0148316688	0.0502957329	0.0466275964	0.0285970083	0.0539576494	0.054693059800000006	-0.0005968106	0.06579749809999999	0.0200170647	0.012365308600000001	-0.0658693341	-0.1082045852	-0.0571155441	-0.0745753733	0.0172793493	-0.0640410196	-0.12148498619999999	0.2004337153	-0.0325196894	-0.0747106038	-0.0044064278	-0.0211898725	0.0599743208	-0.08489938710000001	0.0696949888	-0.08471402369999999	-0.0494684574	-0.0824237822	0.09048770880000001	-0.0075565687	0.0127704568	0.011329383799999999	0.0581165475	-0.037640834500000005	0.0151512977	-0.05848945150000001	0.023527367200000003	-0.0345003432	-0.0499816324	-0.0894133949	0.1001121291	-0.1150697877	-0.0079823825	0.049263408499999994	-0.0829085472	-0.0828831465	-0.1084397808	0.0462191178	-0.0537958366	0.0455320091	0.0293265354	-0.0333025036	0.0013637395	-0.0192232201	0.0733243871	-0.015438976699999999	0.0188045068	0.0904321814	0.0340219223	0.0783907573	-0.006690375	-0.09805197060000001	0.043549370700000006	-0.0049136501	-0.022587074	0.023990007	-0.0021774238000000002	0.043920975300000005	0.1231612342	0.10019786779999999	-0.10062509900000001	0.0192734386	-0.022321186099999998	-0.0637454157	-0.0172432603	-0.0239096265	0.059160334	0.0580640888	-0.0419379507	-0.1833804613	0.021015106800000002	-0.0558435636	0.0325249668	0.0297443337	0.0583882014	0.0072447332	0.0887474106	0.0272957037	0.0665874108	0.0037468374	0.0809998179	-0.0001524553	0.0359442428	0.1378278135	0.1758028686	-0.041959526100000005	0.0626455876	0.0611959782	0.0689880212	0.005369866	-0.061182019800000015	-0.0943081987	-0.0759107728	0.0	0.0	0.0	0.00756366	-6.389000000000047e-05	5.72089525956e-05	4.081932100000061e-09	0.0624371	-0.007074600000000001	0.00389839145641	5.004996516000001e-05	0.166837	-0.015109000000000013	0.027834584568999995	0.00022828188100000035	6.726410000000002e-05	0.00037017809999999996	4.524459148810003e-09	1.3703182571961e-07	-0.000186151	0.000207805	4.3182918025e-08	3.4652194800999996e-08	-0.000266238	-7.005499999999998e-05	4.907703024999995e-09	7.0882672644e-08	0.0	0.0
4507.950180889389	-3.972550532033893	20321614.83338068	15.781157729562766	4822.5067463354635	22.16975461353013	491.49801962414045	23256571.318451054	4709.790362262263	-0.8981275263658972	0.8066330536161254	22182125.256458506	4700.499556517094	3702.8394218650483	0.8392549999999999	12.270812	0.04790509499999999	0.0269952	-0.014814760900000001	-0.0830600951	-0.047256024699999996	0.0154899452	0.0886147241	0.09965158119999999	-0.0090860893	-0.0705833609	0.052722133600000005	0.0719953542	-0.0679635731	-0.0038882288	-0.0340926136	0.0217963773	-0.0316262333	0.0344024878	0.0340861489	0.0628989095	-0.0135020837	-0.1565986157	0.0640294495	0.0156676877	0.07988248349999999	0.0506586172	-0.0145610305	0.028953405499999998	0.012054849099999999	-0.047078220999999996	0.0677019489	0.0187101447	-0.0125518632	-0.14576186800000002	-0.0795414874	-0.0388018674	0.023914772200000003	0.0779411598	0.030959881600000006	-0.1418751908	0.027669166800000002	0.0698296306	0.0490309101	-0.0316250843	0.08019020269999999	0.1381412949	-0.06120795480000001	-0.126107784	-0.0012041758	0.055903266900000005	-0.0215280302	-0.0610949021	-0.049969935199999996	-0.09185657480000001	-0.0387601305	-0.0480272224	0.030834536099999997	-0.036266865499999995	0.1068277485	0.1496810787	0.0459028287	-0.08677819029999999	0.0814287858	-0.0142222294	0.0419479621	0.0788799175	-0.04259811980000002	0.073948734	0.029662084900000007	-0.07944041190000001	-0.0159957297	-0.1021500698	0.08836505060000001	0.07399037259999999	0.0593249957	0.028423647599999997	0.0134434327	-0.0454441146	0.07967462360000001	-0.0305956519	0.0126813549	0.11404390699999999	-0.0354444404	0.0257850775	0.0798795284	0.0248824257	0.06350814540000001	-0.0711249679	0.0327928274	-0.0478212436	-0.037222550800000004	0.046404065	0.013038191599999999	-0.0736227723	-0.0369699598	-0.023665031800000003	0.001438812	-0.1388993537	0.0652599467	0.09236192650000001	0.0514127242	-0.018208870800000002	0.028569223900000006	0.099796173	0.0275517078	0.0365681963	0.07763221370000001	-0.02247669	-0.0103766043	-0.1732036073	0.0288888588	0.0431732683	0.0316771377	0.0221463125	0.1235366362	-9.2863e-06	0.010942076	0.0107376308	0.0347011785	0.1302884719	0.0143257551	0.050397490999999996	0.0164402776	-0.1345364241	-0.0272508035	0.012918258799999999	-0.1615665423	-0.059789558	0.005028859	-0.0207326048	-0.0630649383	0.0518109982	0.06870403559999999	-0.018655384599999998	-0.1272826412	-0.0363664537	-0.0086281713	-0.0946373524	0.0640197998	0.0340338715	-0.09344956310000001	0.0701333861	-0.0616774212	0.06734960849999999	-0.0401254258	-0.0034281779	-0.0127283672	0.0349485116	-0.0428915113	-0.1131728378	-0.0280805159	-0.004444709099999999	-0.062047999699999995	0.13045747230000002	-0.0142798601	0.0084199547	-0.0838672734	-0.06200736480000001	-0.0908979259	-0.0184294155	0.0680586279	0.0026860087	-0.064206665	-0.0947637776	-0.0716925786	0.0	0.0	0.0	0.0075949	3.1240000000000094e-05	5.7682506009999995e-05	9.759376000000057e-10	0.0469559	-0.015481199999999994	0.0022048565448100003	0.0002396675534399998	0.175671	0.008834000000000009	0.030860300241	7.803955600000015e-05	-0.000232465	-0.0002997291	5.4039976225e-08	8.983753338681002e-08	-0.000299256	-0.00011310499999999998	1.2792741024999995e-08	8.955415353599998e-08	-0.000207899	5.833899999999994e-05	3.4034389209999933e-09	4.322199420100002e-08	0.0	0.0
4505.435391241048	-2.514789648341321	20298948.064647373	6.324166975404662	4770.037327094512	-52.46941924095154	2753.0399554827354	22753256.101874955	4706.310053380336	-3.4803088819271584	12.112549913621066	22149354.318548825	4697.32213682412	3665.887963564588	0.8262889999999999	12.081244	0.013624670000000005	0.00621488	-0.042052357400000004	-0.0545009722	-0.04552999940000002	0.1375090078	-0.0270316292	-0.0198101574	-0.0143617411	0.0719448014	-0.09576066539999999	0.029578605299999998	-0.0594145225	-0.0077649802	-0.1314459356	0.1225172051	-0.0845594757	0.0689451336	0.0677535177	-0.0136211866	-0.0758011926	-0.0682343229	0.034208142000000004	-0.030580727599999996	0.0759394702	0.10202693289999999	0.063884737	-0.0570438385	-0.032595356400000004	-0.0567176262	-0.0763164969	-0.052531813899999995	-0.052445968600000004	-0.0676705435	0.0902213407	0.0946789084	0.0290568363	-0.07131706019999999	0.0414401008	-0.0474599405	-0.010839574099999999	0.0021073376999999997	-0.014664283500000003	0.0152434179	-0.0125505804	0.0096854005	-0.0150866557	-0.0065040021	-0.0385840698	0.0382541985	-0.0075369979	-0.010739010600000001	-0.028574679	0.0519333404	-0.1104284215	0.17227592239999998	0.0040606575	-0.09549297550000001	0.0391382828	0.0037947005	-0.0222040988	0.0068882541	0.034666987	0.065513558	0.0494495743	0.0740813712	-0.0197136492	0.1134733137	-0.10190354	-0.1059518532	0.007803568100000002	0.0980119577	0.0379385321	0.1113137193	-0.003855725	0.0410473201	0.0028125151000000003	0.0001973368	-0.1021706282	-0.0295643809	0.08695157810000001	0.038436498	-0.06036565	-0.0214785432	0.0794279494	-0.0326788866	0.023461233199999997	-0.0621139685	0.029064264700000002	-0.1374915667	-0.0408436352	0.1028385699	-0.0596626201	-0.0670307098	-0.025664602400000004	-0.0513678138	-0.12476433619999999	-0.07682230940000001	-0.0254528011	0.0027744849	0.1233651316	-0.029442028399999997	0.0275385556	-0.0446108206	-0.0449764273	0.0249963065	-0.0467849854	0.0913018118	0.0075863376000000005	0.0260580496	-0.10019666140000001	-0.0666162401	-0.0437973387	0.0648613676	0.0168963204	-0.0101146941	0.0436513424	0.0434524311	0.017171794	0.0568667267	-0.0216352193	-0.012287141599999999	0.0366799882	-0.0089843275	-0.021439804	-0.0230056298	0.0019458525	0.0652703582	-0.02132067	0.0952139578	0.0736140896	0.0765423435	0.010422024	0.07958012860000001	-0.1642020573	-0.024688580699999997	-0.06572996269999999	-0.10592107769999999	-0.0702182007	-0.0269273344	0.006620119200000001	-0.0317564219	-0.0668877782	0.093662629	-0.019459143	0.022202905099999996	-0.1337124914	0.0236316281	-0.028580028900000002	0.036622675800000004	-0.0080778788	0.081507059	-0.13564989730000002	0.0533473457	-0.009104175	-0.07295912339999999	0.04710077	0.0299745713	-0.0525611175	0.016398937	0.0671156055	0.0	-0.0671156055	-0.0949157996	-0.0671156055	0.0	0.0	0.0	0.00471793	-0.0028769699999999995	2.2258863484900006e-05	8.276956380899997e-06	0.0489191	0.0019631999999999983	0.00239307834481	3.8541542399999935e-06	0.17544499999999996	-0.00022600000000003173	0.030780948024999987	5.1076000000014334e-08	-0.000183647	4.881800000000001e-05	3.3726220609e-08	2.3831971240000004e-09	-0.000363269	-6.401300000000003e-05	4.097664169000003e-09	1.31964366361e-07	-0.000266238	-5.833899999999994e-05	3.4034389209999933e-09	7.0882672644e-08	0.0	0.0
4502.030266902408	-3.4051243386402352	20268276.524105366	11.594871761600096	4751.953527255492	-18.083799839019772	327.02381661773165	22581062.32519591	4702.023182637664	-4.286870742672363	18.3772607643803	22109022.010062028	4692.815184966659	3636.163519110612	0.8911799999999999	13.030016	0.036248795	0.0176137	-0.0747259996	-0.0166738153	-0.05609633	0.0469144667	0.0004909503	0.1147585289	0.0638278038	-0.0632166708	-0.135421603	-0.0431642114	-0.0080718474	-0.0758241305	-0.0586890863	-0.0148956946	-0.0252436479	0.110129306	0.107019578	0.0013708814000000001	-0.1149793085	-0.1122891259	-0.009979475600000001	0.0027868344	0.013412846599999998	-0.0313867558	0.0026446563	0.0006013675	0.0667623633	0.0296869442	0.1046034677	-0.09350798490000001	-0.0797858238	-0.0171209253	-0.1380077885	0.1267768233	-0.0113156298	0.019548846	0.026294569500000003	0.07912422820000001	0.1793780761	-0.19270795829999998	0.023506553	-0.0529984537	-0.2436773584	0.0408428521	-0.1502240809	0.0338391495	0.0728884503	0.0015790532999999999	0.043141802	0.0481534275	-0.0412382877	0.0150142492	0.0659198765	-0.0446717442	0.052348050599999994	-0.0425249417	-0.0394398058	-0.082088846	-0.0132633224	0.008239206800000001	-0.053481054900000005	-0.0822958463	0.0803313517	0.0138778887	0.0130329253	-0.0454163068	-0.0223069194	0.011788610900000001	-0.0194655139	-0.0577281905	0.0347198783	-0.0021798194	0.0119937427	0.06537632480000001	0.12552351779999998	0.0157830526	-0.024133117599999997	-0.0867164666	-0.014804039199999999	0.027256335899999998	0.030622862799999997	0.05869151230000001	-0.0408884996	0.0328699388	-0.051811077999999997	-0.0130374361	0.0739248993	-0.0702270606	0.0833765193	0.025343353500000002	-0.040396158700000004	-0.1266706772	0.0065360209	-0.0850260835	-0.055977458099999995	-0.0793443003	0.0685717951	0.1160846074	-0.0163238013	0.0337894469	0.008805134000000001	0.0037791364000000004	-0.050346097	-0.0857076784	0.076365288	-0.0425011808	-0.2294756743	-0.0531544141	-0.1059512218	0.0122695994	-0.006734996500000001	0.0646209991	-0.0190615523	0.09746464099999999	0.08874693689999999	-0.0548901403	-0.0525634137	-0.1428996297	0.0638682755	-0.1760156351	-0.0914398375	-0.1662488919	0.0254301439	-0.026886200699999998	0.09904217650000001	0.0922702823	0.004239339	-0.09570399240000001	0.00110694	-0.0992224204	-0.0514362721	0.008261593000000001	0.029922592400000007	-0.036153416	0.0341402893	-0.0374139909	-0.0172583569	-0.11414787119999999	-0.0136775429	0.0618187008	0.0528064171	0.0619582775	0.0518525492	-0.009293071	0.0500897335	-0.0980458575	-0.0648748389	-0.0061432323999999995	-0.0220605631	-0.0751719475	-0.0477790103	0.0185511276	-0.030200584	-0.024456837599999996	-0.021554629900000004	0.0274352998	-0.0029957723	-0.0120334857	0.0661591428	-0.0026860087	-0.0699035991	-0.0947637776	-0.0622027587	0.0	0.0	0.0	0.00755032	0.00283239	5.70073321024e-05	8.0224331121e-06	0.041686	-0.007233099999999998	0.001737722596	5.231773560999999e-05	0.178078	0.0026330000000000238	0.031711774083999986	6.932689000000128e-06	6.726410000000002e-05	0.0002509111	4.524459148810003e-09	6.295638010321001e-08	-0.000143174	0.000220095	4.8441809024999985e-08	2.0498794276e-08	-0.000266238	0.0	0.0	7.0882672644e-08	0.0	0.0
4501.9587836574265	-0.07148324498120928	20267632.889750253	0.005109854313043582	4741.759640086781	-10.193887168711626	103.91533560842352	22484284.484355915	4701.628222496776	-0.3949601408876333	0.15599351288997915	22105307.9425782	4690.413952569506	3617.678969204934	0.856468	12.522486	0.041473740000000016	0.0238497	-0.0774377258	0.0092815665	-0.074678007	-0.0427259797	-0.0258302079	0.1153695249	0.022266069399999998	0.07558441269999999	0.0446449059	-0.056090576600000004	0.025656233599999998	-0.07157573490000001	-0.0110414292	0.10835046289999999	0.0486954905	-0.08983669820000001	-0.0405136839	-0.0067988552	0.1101293218	0.0292410212	0.1279058866	0.0473751885	0.0448773059	0.0065457101	0.1055828578	0.0906497431	0.060040625	0.058906908200000004	0.0706423778	-0.0293386802	-0.09950259310000001	0.0098162459	-0.0290622754	0.0214319261	-0.1403324206	-0.0357656668	-0.038864064	-0.04055813	-0.0080865451	0.0368456532	0.0001091602	0.0378993799	0.0763212195	0.0463914366	0.1107644782	-0.1187997599	0.0307096221	0.08321640940000001	-0.0079425542	0.0119436571	0.095511601	-0.10075343519999999	0.0435858136	0.0117010273	-0.0165432615	0.0965973136	0.0180084776	-0.0270259801	-0.008781553499999999	0.0629015712	-0.027136152400000002	-0.1321434557	0.0199018781	-0.048023305499999995	0.0100968773	-0.1080053741	-0.0178069603	0.0378626086	-0.0020961377	-0.0311190378	0.1626957427	-0.0051534694	-0.03837883	0.0211485946	0.0266963441	0.0218455027	0.0308386085	0.0381402745	0.0157013076	-0.1313966474	0.0240491446	0.0936623653	-0.032364113300000004	0.0826893907	-0.0728176486	0.01516801	0.0924833249	-0.0110331518	-0.13398816800000002	-0.045430852	-0.0399780731	0.0350197802	0.0015985859	0.0116276088	0.1584845127	-0.0318667924	0.0047485956	-0.008596632600000001	0.0083040727	0.0270868223	0.1237423933	0.0025905837	0.0071979101	-0.0517641004	-0.005751909	0.0529169356	-0.0341028941	0.08405521279999999	-0.028716840299999997	0.169316033	-0.0691736201	-0.057269419	0.0407724426	0.016043823999999998	0.034716153799999996	0.0236802484	-0.016845307	0.050287365599999995	-0.0558663856	0.1345072235	-0.0060482599	0.0060911951	0.08700323119999999	-0.003890974	-0.1337191754	-0.0418516764	0.0817199494	-0.033934508700000005	0.0416544267	-0.0011205125	0.0263828508	0.0472490298	0.11985672720000001	0.06916336	-0.0189311379	-0.0037433964	0.0053529865	-0.0419738822	-0.0429874677	0.2060285276	0.0361665838	0.0879327952	0.033279902400000005	-0.048333259	0.0365993986	-0.09179347199999999	-0.013023367	0.044540772	0.0006122381	-0.0241516	0.029576996499999997	-0.06976526849999999	-0.0207306138	0.0814428025	-0.0588482269	0.0427244547	0.0976271633	0.051974207599999996	0.0651894312	-0.005369866	-0.0725656218	-0.0943081987	-0.05697862400000001	0.0	0.0	0.0	0.00111563	-0.00643469	1.2446302969000002e-06	4.14052353961e-05	0.06263160000000001	0.02094560000000001	0.0039227173185600005	0.00043871815936000034	0.185337	0.007259000000000014	0.034349803569	5.269308100000022e-05	6.726410000000002e-05	0.0	4.524459148810003e-09	0.0	-0.00013859999999999998	4.5740000000000285e-06	2.0921476000000255e-11	1.920996e-08	-0.000134123	0.00013211499999999998	1.7454373224999994e-08	1.7988979128999997e-08	0.0	0.0
4505.918953926967	3.960170269540868	20303305.619358294	15.682948563755385	4739.107669440183	-2.6519706465978743	7.032948310416748	22459141.50254676	4701.073725085495	-0.5544974112808632	0.3074673791171787	22100094.168689214	4690.012850003194	3624.6346040646613	0.93392	13.654929	0.017778299999999997	0.00967672	-0.09427175369999999	0.0449012653	-0.0056780161	-0.016533130400000002	-0.06455370269999999	-0.09981140640000001	0.0581987346	0.0658321867	-0.0422163343	-0.0638210535	0.0842674251	-0.0799600949	-0.007127639399999998	-0.10596199710000001	-0.0022690766	0.003383121	0.049043883499999996	-0.057573738099999994	-0.07412045639999999	-0.0952932175	0.0739335311	0.07601497089999999	-0.0178360405	0.09945342509999999	0.0115521268	0.027871087200000002	0.0476408012	0.0765254427	-0.0100783004	0.13402921869999998	0.0116889725	0.0820965029	-0.0031009613	-0.0328436954	0.020268664	0.0070560347	0.0403392217	0.0672118789	0.056072983099999994	0.0378648036	-0.1468453216	-0.0580962763	0.0239994602	0.0484439776	0.0180550808	-0.0278179678	0.012637084	0.08400975960000001	-0.039518122200000005	-0.0450205884	0.0978149111	-0.050363301500000006	-0.0185956328	-0.008476818	0.0448127575	0.0842505076	0.08960312720000001	-0.0947229982	-0.0350387301	-0.0016370334	-0.0640608449	-0.039687386	0.1371199434	-0.07124423860000001	-0.08173507370000001	0.07031023019999999	0.093000002	0.0346679035	0.050210096100000004	-0.056015277	-0.08461387039999999	-0.016932061	0.0084678306	0.1248070112	0.0611995796	-0.0284120459	-0.029297601099999997	0.0769201551	-0.038680046600000004	0.0221217979	-0.0045657612	-0.0374272694	-0.02913015	0.0414165652	-0.0683890765	0.06818390519999999	0.0615885064	0.0011350349000000001	0.0825858293	0.0135959281	0.0439553769	0.0321759154	0.0588453959	-0.0703426558	0.0037999991999999997	-0.1192398784	-0.0088066716	0.0272257209	-0.0809179321	-0.10241556480000001	-0.0546019222	0.0698802305	-0.1466409672	0.0183010077	-0.0054690298	-0.0547701334	0.0106309	0.0618102318	0.047823666699999996	0.0481322055	0.012747186200000002	-0.0301967066	0.0163396749	0.0927936903	0.0427092894	0.1088162649	0.0439938033	0.0299668721	0.0172427286	0.0278872423	-0.0373033588	0.0319488025	0.0289509978	-0.0544397222	-0.0886481882	-0.024693734300000002	-0.0013795484	-0.0684502229	0.0338855457	-0.0318313305	-0.07520248389999999	0.029271158	-0.0434011334	0.1370687337	-0.1012375231	0.0173268816	0.0440556493	-0.0872488368	0.1257730672	-0.0276926944	0.061548973300000004	-0.0635740633	0.0033886959000000005	0.017268043400000002	0.092888446	0.0234953567	-0.0898362981	-0.10003189789999999	0.0687857378	-0.0561043085	0.0092033025	0.0807966842	-0.098178406	0.1319868193	0.0490032462	-0.038222067900000004	0.0183922345	0.0084101303	0.064206665	-0.0080494221	-0.0750968762	-0.09355052220000001	-0.051469345	0.0	0.0	0.0	0.0011671	5.146999999999986e-05	1.3621224099999998e-06	2.649160899999985e-09	0.0576126	-0.00501900000000001	0.0033192116787600003	2.5190361000000093e-05	0.181979	-0.003358	0.033116356441	1.1276164e-05	-6.39055e-05	-0.00013116960000000006	4.08391293025e-09	1.7205463964160008e-08	-0.000119693	1.8906999999999987e-05	3.5747464899999953e-10	1.4326414249e-08	-0.00017104299999999998	-3.6919999999999985e-05	1.3630863999999994e-09	2.9255707848999996e-08	0.0	0.0
4506.506253897313	0.5872999703460664	20308598.6164156	0.3449212551684905	4755.649486346679	16.541816906496027	273.63170656803766	22616202.03698943	4703.779497900871	2.7057728153758944	7.321206528427193	22125541.564872574	4691.858322082641	3635.6222625422815	0.8674349999999998	12.682833	0.05586758	0.0250926	-0.1033939209	0.0243667595	0.0554781612	-0.0945230401	0.0172333632	0.0029786182000000002	0.0317332903	0.0624945229	-0.0186152913	-0.0062901697	0.08282683519999999	-0.023644295200000002	0.033110977400000005	-0.0800669718	0.0327893128	-0.11608330289999999	-0.0194761796	0.0155461249	0.0858676602	-0.0640662145	-0.017887031499999997	-0.032246019	-0.0171729071	-0.0999595209	0.0923070394	-0.0601744778	-0.022263455	0.009416739300000001	-0.0220648271	0.0127217106	0.08705582390000001	-0.0372478946	-0.0259495381	0.038203270299999995	0.0125829483	0.0219042957	-0.0304791396	0.0035449662	0.0607083941	-0.0124780298	0.0257123416	-0.1092979786	0.0680032508	-0.014513518100000001	-0.0796767942	0.0076687215000000005	0.0368636706	0.0766171513	-0.0792830242	0.037093164399999996	0.0918662708	0.08564833150000001	-0.026329437799999997	-0.003247582	0.1118339683	-0.08750995619999999	-0.0814372042	0.044002819299999996	-0.04598773849999999	0.012805691299999998	0.0589911614	0.0622646436	0.0024238879	0.0072742903000000015	-0.0218346872	-0.1881595848	-0.0137181995	0.1232891081	-0.0143517333	-0.0446032704	-0.027261144900000003	0.026950993	0.029576201	0.0461262251	0.0031320962	0.0295501715	-0.00023286970000000002	-0.0531136375	-0.049767775800000004	0.0086359286	0.126577919	-0.1144317968	0.0466014304	0.017533888100000002	-0.0009801134	0.0935818827	0.0093420507	0.0606781541	0.0068930221	-0.0430582759	0.10748403109999999	0.0888053144	-0.0011433622999999999	-0.0413455129	0.025830721299999998	0.0327994481	0.0712275104	0.0740644912	-0.0163969727	0.0398821582	0.088789609	-0.130597408	0.0591341589	0.0044447202	0.0047648376	-0.0285713571	0.053012411399999994	-0.0561702054	-0.0354335148	0.011297433999999999	0.0701042601	0.0502869309	-0.0137840269	-0.018060157900000002	0.045824789000000005	-0.0201814265	-0.008584951	-0.0019267865	0.1031622166	0.0280831265	0.030677949700000002	0.0232248784	0.011224090400000001	-0.1587076351	-0.0028701701	0.11328353199999999	-0.11273102609999999	-0.1504098917	0.089076049	0.0089942138	0.0371886323	-0.0867664269	-0.0007717816	-0.004665950800000001	0.0473704058	0.02324369	0.0006416319	0.0537824671	0.0237188705	0.0393149944	0.07215227490000001	0.0195022245	-0.0091514705	-0.0014789523999999999	0.1480903683	0.07553300660000001	-0.0338150037	0.09249341359999999	-0.0178703016	0.0329606286	-0.0913087625	-0.0899547992	-0.0397275574	0.048051118	0.016638364	0.003496555	-0.07235761269999999	0.025653815	0.0632110411	-0.010722530800000001	-0.077492801	-0.0924931752	-0.0457024925	0.0	0.0	0.0	0.00759825	0.00643115	5.77334030625e-05	4.13596903225e-05	0.0465204	-0.011092199999999995	0.0021641476161599997	0.00012303690083999993	0.169295	-0.012684	0.028660797025	0.00016088385600000006	6.726410000000002e-05	0.00013116960000000006	4.524459148810003e-09	1.7205463964160008e-08	-0.0004065330000000001	-0.0002868400000000001	8.227718560000004e-08	1.6526908008900005e-07	-0.000266238	-9.5195e-05	9.062088024999996e-09	7.0882672644e-08	0.0	0.0
4508.112202316131	1.6059484188172064	20323075.628671594	2.5790703239014854	4768.645342501727	12.995856155048385	168.89227720270904	22739978.40256341	4701.952918193124	-1.8265797077474415	3.3363934287547297	22108361.244904835	4689.333487707466	3634.4868248729344	0.8925139999999999	13.049521	0.03583821999999999	0.022646400000000004	-0.09325791970000001	0.0096620589	0.0763671769	-0.0501952369	-0.0141087552	-0.0325282264	-0.0366097503	0.0328353006	0.0606652244	-0.0076170351	0.11095584929999999	-0.0368937066	-0.0162477346	0.0205460326	-0.1052378078	0.0410979821	0.0146688505	-0.0191785755	0.0473250914	-0.17603334980000002	-0.0239486262	-0.0574645496	-0.006104838299999999	0.09010071720000001	0.0339389864	-0.0495047544	-0.0356503939	-0.09527663060000001	0.014427878500000001	-0.0068367667	0.0015974765	-0.09333800390000001	-0.0111350852	-0.055334117599999996	0.0236357962	-0.0696384675	0.0244296022	0.0851219524	0.053262870999999996	-0.0975661349	-0.023647374900000004	-0.0193988031	-0.0374590011	-0.0438762753	0.0734641744	-0.09652173230000001	0.0799734448	-0.0061631061	-0.0018138826000000002	0.005402291899999999	-0.0080783678	0.0713765183	-0.088139408	-0.0101217458	-0.149285994	-0.0774052277	0.049480107300000006	0.061165344299999994	-0.0941823274	0.1148071837	0.1375749195	-0.0513092579	-0.1258587905	0.009188738299999999	-0.041869195	0.0508798272	0.0740721973	0.1148371967	-0.0120292819	-0.006175361999999999	0.040991215899999996	-0.042376130899999996	-0.07169874679999999	-0.2019319478	-0.20997303969999997	-0.0178593323	-0.0831733041	-0.0175922921	0.014396311200000001	-0.0583071249	0.0759445666	0.0216949437	-0.11073438199999999	-0.0875882618	0.0038576349	0.1300926087	-0.011087433600000002	-0.0020401501999999998	-0.0364400632	0.1594853502	-0.0040357411	0.0693750171	-0.028747841099999998	-0.0573364297	-0.1005655001	-0.10343003199999999	0.024037492400000002	0.06327276150000001	0.08457049609999999	-0.056616797	0.0489802897	0.0201050097	0.0267059809	0.0497936869	0.015713535600000002	-0.010181057700000001	-0.0457587587	-0.0860765121	-0.0440433099	-0.062302700999999995	-0.060531857	-0.0189010219	0.0429057909	0.0389824775	0.0840952632	0.0017568799	-0.0248653288	-0.09745094619999999	-0.1383742467	0.0814162025	-0.0107800159	-0.0246197545	0.0814078431	-0.0296861287	0.08620126630000001	0.08805915019999999	-0.0393505995	0.07485269480000001	-0.0006624055	0.0493710063	0.0039496763	-0.0174672908	0.0670479188	-0.052674833600000005	-0.17591050379999998	-0.0337802824	0.015371716799999999	0.1448965365	-0.0681552496	0.051402188099999996	-0.052801172599999995	-0.0877193494	-0.06987064	0.0259787416	0.0249959241	0.017103955900000002	0.1788873659	0.0030170391999999996	0.1113422035	0.1378073324	0.044678935700000005	-0.0926029614	0.1395729754	-0.0831203264	0.0085188588	0.09971232529999999	0.10447511179999999	-0.0316383715	0.0622027587	-0.013387050800000001	-0.07974907860000001	-0.09113954460000001	-0.0397069262	0.0	0.0	0.0	0.00324543	-0.00435282	1.05328158849e-05	1.8947041952400006e-05	0.0620886	0.01556819999999999	0.00385499424996	0.0002423688512399997	0.185157	0.015861999999999987	0.034283114649	0.0002516030439999996	6.726410000000002e-05	0.0	4.524459148810003e-09	0.0	-0.000407637	-1.1039999999999269e-06	1.2188159999998392e-12	1.6616792376899998e-07	-0.000266238	0.0	0.0	7.0882672644e-08	0.0	0.0
4511.917968626265	3.8057663101344583	20357403.755612563	14.483857207354456	4773.925284060565	5.2799415588378915	27.87778286474349	22790362.61779275	4702.907848975709	0.9549307825855068	0.9118927995293682	22117342.23595733	4691.582546815094	3640.152940356449	0.8664459999999999	12.668386000000005	0.03253823999999999	0.0182112	-0.0844711172	0.0178107022	0.0841490026	-0.0630754851	0.0074645255	-0.0826966792	0.0168202599	-0.0388862088	0.0030706957000000003	0.0122486597	0.09600483630000001	0.016567721100000002	-0.010798559199999998	-0.0283019827	-0.0304734838	0.0292137136	-0.0194229853	0.015560213	0.053142257199999994	-0.0167666478	-0.0159787167	-0.0698448731	-0.10432164630000001	0.104314404	-0.002134666	0.0311637652	-0.022792593599999997	0.0276830569	0.0206507746	-0.12307616240000001	0.11785657220000001	0.0765993028	-0.06332159679999999	-0.0481136726	-5.181e-05	0.0134738139	-0.10510021650000001	0.0303915887	0.094884988	-0.1537295407	-0.0352903533	0.1365544381	0.0624792691	0.0640415535	0.0648774068	0.0084188307	-0.0010217243	-0.030847666200000002	0.0836804285	-0.0728894091	-0.0590582983	0.049417683899999995	0.011826731100000001	0.0323659316	0.0441654985	-0.0516767398	-0.0401952579	-0.0382827113	-0.08695447419999999	-0.0352420291	-0.023065278999999998	0.0505234017	-0.0557632208	0.032570964	-0.0009208752	0.0244014383	-0.0708578039	0.0363757538	0.0477145058	0.0044131188	0.07514418469999999	0.060139868	0.012444748200000001	-0.0340454125	-0.0704007834	-0.017837548	0.1803772815	0.0055658001	0.11572737849999999	-0.0890120958	0.0973492352	-0.11793684800000001	0.0403047812	-0.0788040909	0.024850465899999997	0.1030383822	-0.029143177000000006	0.0028980165999999996	0.062038034299999996	0.050656086600000004	0.0251821588	0.052909465499999996	-0.0408514304	-0.0019429029000000001	-0.06399863780000001	0.0378750065	-0.0730165128	0.006129211999999999	0.0447733497	-0.0316049753	0.10135894449999999	0.0397187795	0.0324873219	-0.0779178188	-0.052027417400000005	-0.1399319969	-0.0086465633	0.0444192449	-0.018882291399999997	0.0111138211	0.1038649092	-0.071356176	-0.0269885527	0.047286967	0.037417669	-0.025702581800000002	-0.1805958735	-0.0951308412	-0.0778749294	0.021697053100000002	0.0043836453999999995	0.0241934309	0.013680774	0.0745034496	-0.0136059316	-0.0315866567	-0.0921460457	-0.028770581200000006	0.0570860296	-0.0419751344	0.046522597199999995	0.0521862263	-0.054134634400000006	-0.0304589466	0.0204366473	-0.0166042341	-0.0213058554	-0.0514838565	0.0079582592	0.0234442434	-0.0730500188	0.0906052457	-0.160232569	-0.0352869873	-0.028512529900000007	0.0102132649	0.0766394249	0.0381221252	-0.0834008604	0.0442944779	0.12058429550000001	-0.1021231875	-0.0768330753	-0.1266785289	0.071437633	0.0437406923	-0.0948363767	0.014057107	0.061182019800000015	-0.016040848	-0.0818616429	-0.0894939666	-0.0335126502	0.0	0.0	0.0	0.00326842	2.299000000000008e-05	1.0682569296400003e-05	5.285401000000036e-10	0.049445800000000005	-0.012642799999999987	0.0024448871376400003	0.00015984039183999973	0.17423699999999998	-0.010920000000000013	0.030358532168999988	0.00011924640000000028	6.726410000000002e-05	0.0	4.524459148810003e-09	0.0	-0.00036675	4.0886999999999976e-05	1.671746768999998e-09	1.345055625e-07	-0.000128076	0.00013816199999999994	1.9088738243999992e-08	1.6403461776e-08	0.0	0.0
4516.6908678205355	4.772899194270394	20400496.395453423	22.780566718666982	4754.623497702859	-19.301786357706078	372.55895659852854	22606444.60490817	4708.074578489169	5.166729513459358	26.69509386525198	22165966.236615963	4694.796819359137	3671.971657364516	0.909972	13.304773	0.03719821499999999	0.0242057	-0.056374337000000004	0.0410560204	0.0513921588	-0.1534216041	0.0169350503	-0.011604851299999998	-0.0325511155	0.0540992704	-0.0074079533	0.0607765209	0.1019910999	-0.0094598526	0.0100338557	-0.0537457182	0.0184360329	-0.0377105985	-0.08248533570000001	0.0796880514	-0.0358467817	-0.1368200614	0.0405504697	-0.037443557200000005	-0.0351692458	-0.0053105389	-0.027132258700000002	0.013195825100000001	0.0474599671	-0.0548187773	0.0623764951	0.0165751882	0.1993780987	-0.11330268140000001	0.11994580099999999	0.021700660400000002	-0.023441045499999997	0.1031859384	-0.0549291104	-0.0884372971	0.0041245003	0.122530623	0.052009396500000006	-0.06967884440000001	-0.0935659018	0.0126980445	0.0584601494	-0.050231047599999995	-0.0138841414	0.020482625600000002	-0.0157137957	0.0774810932	-0.0384360671	0.0555422918	0.0597329679	0.0334334629	0.061340970700000004	0.056826943	0.0273592548	-0.0246308263	0.0338848488	-0.0023333108999999998	-0.117376897	0.0078409144	-0.048031688899999994	0.0035259406	0.0669333402	-0.0540392667	0.15215726429999998	-0.044690495999999996	0.1903289055	-0.0152171078	0.0541857696	-0.053978039000000005	-0.0762609064	-0.06149647780000001	0.0080817047	0.044920525499999996	0.0020798602	0.0195961003	0.1539622539	-0.0439964171	-0.030331703999999998	0.0084703367	-0.1358260898	0.0333322105	0.062342709100000004	0.1150313675	0.024248861	0.054067152	-0.012023643	-0.0227577088	0.08805842470000001	-0.0075859996999999985	-0.0462233462	0.08584395759999999	-0.0865801762	-0.0636355873	0.0263225131	0.1058288663	0.0156644846	0.0270791682	0.0978690591	0.0497684931	0.1065363293	0.0070814741	0.1473247879	-0.0168330474	0.1900067082	0.0042892317	-0.023014128300000002	-0.031826631200000004	0.08510529929999999	0.1232943655	0.0325251658	0.061443179699999996	-0.0606107244	-0.0999820715	0.09144204759999999	0.0769900667	-0.0690757394	-0.0003895143	0.0265520267	0.0168747908	0.018421239199999998	-0.0350688101	0.0022933498	0.0461436365	0.08780482560000001	-0.0163514162	-0.0353935011	-0.0686246125	0.0426495728	-0.00020881580000000005	-0.0103405538	0.0149016709	0.0673589324	0.0920928593	-0.0600554679	-0.048529783099999994	0.0076788789	0.026152520699999997	0.0891494237	-0.1242455622	-0.0830134547	-0.16896904	-0.0741499174	-0.0375868229	-0.0343140779	-0.09888489140000001	0.0126182525	-0.0236273428	0.019885272	-0.0647418043	0.08233337190000001	0.060327379199999996	0.0032184165999999998	0.1483163202	-0.026845647	0.0317625459	0.0601490288	-0.0186817967	-0.083826687	-0.0875617125	-0.0271506633	0.0	0.0	0.0	0.00760478	0.00433636	5.78326788484e-05	1.88040180496e-05	0.0493865	-5.9300000000005175e-05	0.00243902638225	3.5164900000006147e-09	0.150852	-0.02338499999999999	0.022756325904	0.0005468582249999995	-0.000101583	-0.0001688471	1.0319105889e-08	2.8509343178409998e-08	-0.000368466	-1.7159999999999682e-06	2.9446559999998904e-12	1.3576719315599998e-07	-0.000145864	-1.7788e-05	3.16412944e-10	2.1276306496e-08	0.0	0.0
4518.04224333574	1.3513755152043814	20412705.712566245	1.8262157830939072	4782.643187566237	28.01968986337852	785.1030200399167	22873675.85957374	4708.7093992549435	0.634820765774748	0.40299740465883743	22171944.20663185	4697.202537590221	3696.040308495608	1.00776	14.734546	0.04881268999999997	0.033868	-0.022863758300000002	0.0393804173	0.028085859300000002	-0.002054276	0.0142015948	-0.0801481417	-0.0078935021	0.004141815	0.0159411829	0.06860159980000001	0.0839210613	-0.0328268893	0.0485668934	0.0387961437	0.0690012314	-0.0212071098	0.0157137351	0.05307183	-0.0047060942	-0.1774382853	0.0642950969	0.0399150957	9.011260000000001e-05	0.1073433603	-0.041136912000000005	-0.09602330869999999	0.0436475092	-0.10669731130000001	-0.0372593437	-0.0163228433	0.0722977419	0.0783889035	0.0796164574	0.0239541968	0.0495755587	-0.0047826499	-0.0197515435	-0.0067370352	0.0399058079	0.1148299777	0.007337697	0.1045663232	0.0610589294	0.0189110955	-0.1312008249	-0.1002327157	-0.0417159736	-0.0744109209	-0.0567387904	-0.0236748414	-0.0717394149	0.0615568512	0.0471853246	0.10647814970000001	-0.0123413432	0.1187892267	0.06521187070000001	-0.046786367599999996	-0.0355883935	0.0183368846	0.0132075545	0.0225269947	0.0053193789	-0.045627987	-0.06687130570000001	0.0848079632	-0.025542407799999996	0.09833891130000001	-0.0087405328	-0.026439786899999998	0.10934620519999999	0.046657633	0.0045071277	-0.0838748567	0.1108005374	0.0932690756	0.0621545509	0.13069223119999998	0.0222728472	-0.0425257691	-0.0036748252	0.0491940529	-0.0866615291	-0.019475303200000002	0.0660992441	0.0747018369	0.0307754921	0.0747257236	-0.052144354000000004	0.03069635	-0.0100182383	0.0751130877	-0.11174384849999999	-0.024159702	-0.0467008619	-0.1846322389	-0.0417228273	0.016209233	0.0559496838	-0.11913327900000001	-0.0649495457	-0.0210675267	0.0068346975	-0.036610912999999995	0.0329991346	0.02532703	0.076846365	0.0789373379	-0.0081117613	-0.0944767203	0.0682894689	-0.0101985426	0.0383389879	0.053300687	-0.07477156730000001	-0.0174450735	-0.0320009578	0.1215774308	0.0533194591	0.06456772	0.0027026229	-0.1369914668	-0.0804793756	0.0541140313	-0.0345422793	0.051477987999999995	-0.0272025025	0.1142047076	-0.0365891896	-0.0824657433	0.0093667263	0.1142295185	-0.0120647068	0.11971777480000001	-0.0326708047	-0.0319225956	-0.0120443306	0.0194332704	0.1109630252	0.00012823309999999998	-0.0869643516	0.1105780143	-0.0938221304	0.0356412585	0.0588958241	-0.1317710809	1.61741e-05	0.0175630913	-0.0167369967	-0.0700412325	0.0061651713	-0.0712780357	0.1000976629	0.068704017	0.030343865299999998	-0.0237654603	0.0301178047	0.0842435243	0.059103992599999995	-0.021307781499999998	-0.0856406697	-0.08534897179999999	-0.0206528034	0.0	0.0	0.0	0.00762442	1.9639999999999592e-05	5.81317803364e-05	3.857295999999838e-10	0.06048380000000001	0.011097300000000013	0.003658290062440001	0.00012315006729000024	0.155683	0.004831000000000002	0.024237196489	2.3338561000000014e-05	-0.0007363619999999997	-0.0006347789999999997	5.422289950439996e-07	4.029443788409996e-07	-0.000373896	-5.4300000000000065e-06	2.9484900000000074e-11	1.3979821881599998e-07	-0.00016295	-1.7086000000000005e-05	2.919313960000002e-10	2.65527025e-08	0.0	0.0
4523.212745778093	5.170502442353609	20459453.543569397	26.734095506384634	4766.254368966276	-16.38881859996127	268.5933751024364	22717180.70969012	4710.520446822321	1.8110475673775	3.27989329130396	22189002.87993116	4698.802323995878	3688.195841767777	0.945785	13.828408	0.04827033000000002	0.033842500000000005	-0.0334729235	0.053934215300000005	0.0415801899	-0.0589935373	0.037516435699999996	-0.0952784926	0.054024969900000004	-0.0723926783	0.023759268700000002	0.0762447617	0.0816772046	-0.0323624971	0.0139773146	-0.0472692235	0.076256083	0.0725815272	0.055869121699999996	0.0170488401	-0.0350191623	-0.09803951820000001	0.053371675300000004	0.11734226130000001	-0.09466538039999996	0.0267563343	-0.0542253751	-0.0436791599	-0.0483182828	0.0571005712	0.0513049383	-0.0976368481	-0.06940146900000001	0.0680590669	0.1302920578	0.0063655785999999995	-0.0068305547	-0.039805807799999995	-0.0226148808	0.034318448	0.04700270559999999	0.056285194299999994	-0.0624610921	-0.0173324531	0.0402538004	-0.0026701733	0.0834434547	0.103510676	0.057999464	0.0779161624	0.0662444797	0.0752257766	0.061106093	-0.0459380738	0.0461265896	0.0599340529	0.0336630613	0.0710824271	0.1104710792	0.0840748207	0.0794443678	-0.1146567675	-0.0341425787	0.113259771	-0.0826598315	0.041261839	0.081915753	0.0398232563	-0.0263306621	0.0382301485	0.0001247911	0.059389923899999995	0.0035438591	-0.07109379639999999	0.0701154108	0.1067801356	0.031164625699999997	0.18114460649999997	-0.0013631969	0.07681250120000001	-0.0204590815	0.042042094599999996	0.0242614708	0.0956291059	-0.0038092555	0.0159512298	0.0739070126	0.0730020615	0.0392087621	0.050370938399999995	0.0981948842	-0.0190521733	-0.0115738449	0.0159688283	-0.090266859	-0.058821583399999995	-0.0634436926	-0.1165766039	-0.0955920735	-0.045535228600000005	-0.0881020177	0.0803376928	0.0385844612	0.009600058100000001	-0.0645640099	-0.0245238281	0.0205867871	-0.0070890911	-0.027838498700000002	0.108831151	0.0273575413	-0.0699074841	-0.0625152211	-0.0488425649	0.0504845771	0.0816315153	0.040319752599999995	0.025692478799999998	-0.0167853552	0.0803233371	0.1009860819	-0.0507390847	-0.0526980942	0.0825875702	0.0676012308	-0.012341396000000001	-0.051451099900000005	-0.0996921489	0.14664222710000002	0.0227316534	0.0042463846999999996	0.0814401711	0.05901503950000001	0.0354483717	-0.1327551996	0.0257741891	0.0808263074	0.1578444226	-0.0077924408999999984	0.036069635600000004	-0.0157672221	-0.12679219449999998	-0.0302846519	-0.0346576591	0.033294745699999996	-0.007963363499999999	0.0325326121	-0.036869102200000003	-0.1335310837	-0.0006596094	-0.09975634109999999	0.0512542124	-0.0143860916	-0.0738959218	0.030325334300000006	0.1039918002	-0.0166627408	-0.0564948722	-0.026808501800000002	0.06175180230000001	0.0580471204	-0.0239166992	-0.0873003222	-0.08286283259999999	-0.014051588600000001	0.0	0.0	0.0	0.007559289999999998	-6.513000000000178e-05	5.7142865304099975e-05	4.241916900000233e-09	0.0654801	0.004996299999999988	0.00428764349601	2.4963013689999883e-05	0.156704	0.001021000000000022	0.024556143616000004	1.0424410000000447e-06	-0.000155044	0.0005813179999999997	2.4038641936e-08	3.3793061712399967e-07	-0.00012867100000000002	0.000245225	6.013530062499998e-08	1.6556226241000003e-08	-0.000180165	-1.7215000000000007e-05	2.9635622500000014e-10	3.2459427225e-08	0.0	0.0
4526.181094005325	2.9683482272312176	20486315.29573124	8.811091198106713	4777.555243882266	11.30087491598988	127.70977386684929	22825034.10834694	4710.225484080398	-0.2949627419229728	0.08700301912271824	22186224.11088042	4697.770444165958	3711.5297427376295	0.8818459999999999	12.893539	0.03201684999999998	0.0178482	-0.0308087801	0.0490903004	0.08464306640000001	-0.1526189573	0.08825782199999999	0.0013587806	0.0069334385999999994	0.09683054	-0.0715238717	0.0864837327	0.0601991451	-0.06938215360000001	-0.0079178835	-0.038895966000000004	-0.027168610099999997	-0.0662401999	0.0365113876	-0.1056448084	0.0377302783	-0.019263363500000002	0.0025564951000000002	0.0711999187	0.040180374	0.0548000896	-0.148104864	0.0764909691	0.0145871082	0.091346754	0.10891642619999999	-0.0827847035	-0.0924847625	-0.015101881599999999	0.09832826210000001	0.0816527172	-0.1418535441	-0.045759833099999994	0.023359124900000004	-0.0046916899	-0.0133507681	-0.047749888600000005	0.0210951797	-0.0505076246	0.036752058399999996	0.13258389869999998	-0.0051041276	-0.0183792005	-0.0104074104	-0.0755296755	-0.0942955843	-0.053932766900000005	0.0073037099	0.0693423251	-0.12675980380000001	0.0386739974	0.0356303034	0.0795937832	-0.12793124279999998	-0.008531298100000001	0.061529065099999995	-0.1233057185	0.0058499165	-0.092065702	-0.06588353	-0.1221584255	0.018883111799999998	-0.0740847371	0.0527277644	0.0016281833	0.045918202000000005	0.0456482102	-0.0973664897	0.0703880303	0.0975694983	-0.0662679075	-0.08620176789999999	0.0109913955	0.0808297414	-0.036064022200000004	-0.1435204687	0.049252864800000004	-0.10679147230000001	-0.054076208	0.0231829685	-0.0028035340000000003	0.0746794339	0.0578674289	0.095447171	0.033050379399999996	-0.011641511499999998	-0.0034397909999999998	0.07653792570000001	-0.0041374815999999995	0.0679099789	-0.034105019300000004	-0.056119366100000005	-0.0359795042	0.027354737200000003	-0.1330697048	0.0473288759	0.1555130712	0.0207158317	0.1569501366	0.013149596999999999	-0.08521891820000001	0.0645875584	0.050465292099999996	-0.0565980416	0.0851217225	-0.0105264214	0.0862636942	-0.074987523	0.0162863209	0.0078172338	-0.047287507699999995	0.1821676309	-0.017448891100000002	-0.0158896365	0.0789359668	-0.0414211871	0.0346795519	-0.028515849700000002	-0.0089471054	-0.1163944673	-0.0025444837	-0.022157901600000002	0.071737966	-0.069450194	0.0479042324	0.0572987682	0.0688937761	-0.0440623542	-0.0344924495	0.0895245516	0.0376585521	0.0980654637	-0.0223833634	0.12255603550000001	-0.0218157748	0.1185070223	0.0348451052	-0.014727197099999999	-0.1206641233	-4.80208e-05	-0.09516164419999999	0.0169830004	0.07469944070000001	-0.0899265563	0.016523983500000002	-0.07374854780000001	-0.0579029675	0.017680358	-0.0165198878	0.0304482344	-0.0385004108	-0.0156975201	-0.1356480934	0.0711581273	-0.1093585844	0.05697862400000001	-0.0265064599	-0.08880265359999999	-0.0801112588	-0.0073800538	0.0	0.0	0.0	0.00760263	4.3340000000001947e-05	5.77999829169e-05	1.878355600000169e-09	0.0528944	-0.012585700000000005	0.0027978175513599995	0.00015839984449000013	0.155065	-0.0016390000000000016	0.024045154225000004	2.686321000000005e-06	-6.306979999999999e-05	9.19742e-05	3.977799672039999e-09	8.459253465639999e-09	-0.000369548	-0.000240877	5.8021729129000006e-08	1.3656572430400006e-07	-0.00020229	-2.2124999999999986e-05	4.895156249999992e-10	4.0921244099999986e-08	0.0	0.0
4519.577700132542	-6.6033938727823625	20426582.58753536	43.60481063909965	4816.0028183243485	38.44757444208244	1478.2159804794712	23193883.14610807	4710.373409226799	0.14792514640066656	0.02188184893765864	22187617.65435089	4699.068092403116	3697.62766912492	0.951524	13.912319	0.05543849499999999	0.0301361	-0.042853080300000006	0.0313718126	0.10255970140000001	0.023979939900000004	0.10079439400000001	-0.0845566288	0.0443649875	0.1438351089	0.0735000904	0.0734565806	0.057439517999999995	-0.0719203113	0.0031771379	-0.062301668	-0.0691021528	0.0469707876	-0.0125843958	-0.1387421508	0.0758830274	-0.0006971881	0.028234117200000002	0.004680081500000001	-0.1624299341	-0.1382752325	0.0709244263	-0.1323522257	-0.0584706392	0.0024942314	0.0167763886	0.0443615264	-0.0943854467	0.09283175119999999	-0.035950848199999996	0.0311532161	0.010749650900000001	0.030868922099999998	0.11437481599999999	-0.023173969300000003	-0.1010818503	0.0190696202	0.0777851424	0.0053416718	0.0331715449	0.0478398765	0.11583256410000001	0.0319557073	-0.032611097900000004	0.0399783858	-0.0292417131	-0.041076761600000004	0.0749699566	-0.0367966897	-0.030778658100000002	0.079958554	0.1489358525	-0.1277551996	0.0431180039	-0.013782649899999999	-0.0267900607	0.0719332438	0.0626711396	0.0443796896	0.0474436814	0.027613713199999997	0.09453788839999999	-0.0321305987	0.0472219489	-0.0659002653	0.089465746	-0.0502588758	-0.12134648890000001	-0.022383173	-0.1925116541	0.0398675241	0.0157452173	0.0134725876	0.1183475764	-0.0225043679	0.0077443017	0.12185886800000001	0.0400149525	-0.1191937376	-0.012385248	-0.0217276843	0.0728911579	0.056755325999999995	0.053240678300000004	0.001726176	0.06096458	0.0993362302	-0.0389608925	0.1485900292	0.0758162922	-0.0356148908	-0.030936453500000002	-0.0039114354	-0.063666896	-0.008736141	-0.11992375779999999	0.039630232599999995	0.047622558499999995	-0.117294631	0.0190573282	0.0936489905	-0.0550082371	0.0872761351	-0.1401512875	-0.0045096803999999996	0.14243779480000002	0.0214131417	0.0778674643	0.0208704466	-0.0384561874	-0.16743995550000002	-0.0099427564	-0.0172482283	0.0255976177	0.0702115826	-0.0733816562	-0.0065014637	0.0496275706	0.10926455289999999	-0.0039539713	0.033063000499999995	-0.044331057699999996	0.0331996927	-0.0063516043999999995	-0.0772077737	0.1030847965	-0.0234136146	0.0558951404	-0.08418779109999999	-0.10097653279999999	0.0611722766	-0.0947229123	-0.07265760360000001	-0.1216969451	0.0273545395	-0.0685092226	-0.0705156733	0.0696490725	-0.0409190287	0.0370666184	-0.10479112800000001	0.0260638179	-0.040596299599999996	-0.06971450530000001	-0.0111717717	0.1421164549	-0.051527122800000005	0.1065007194	0.0644794211	-0.0158247404	-0.0490466762	0.028509576000000002	-0.0304160084	-0.1498514983	0.0109216005	0.0558987171	-0.029074989300000006	-0.0901449566	-0.0771030644	-0.0006715861999999999	0.0	0.0	0.0	0.00751094	-9.169000000000016e-05	5.64142196836e-05	8.407056100000032e-09	0.0455454	-0.0073489999999999936	0.00207438346116	5.400780099999992e-05	0.165467	0.010401999999999995	0.027379328089	0.00010820160399999991	-0.000338674	-0.0002756042	1.14700078276e-07	7.595767505764e-08	4.28149e-05	0.0004123629	1.7004316129641006e-07	1.8331156620099995e-09	-0.00026623900000000004	-6.394900000000005e-05	4.089474601000006e-09	7.088320512100002e-08	0.0	0.0
4515.926529345342	-3.6511707872004986	20393592.418445066	13.331048117306313	4805.7279320521775	-10.274886272170988	105.57328790604782	23095020.956906494	4706.501690407497	-3.8717188193013503	14.990206615732241	22151158.16180863	4696.194674225043	3737.2202868172335	1.018652	14.893803	0.07489646499999998	0.040033	-0.0348131699	-0.060568505099999996	0.0863490999	0.0234643491	0.0615499945	-0.0292587317	0.0874120836	0.0154969842	0.0064486018	0.0539749047	0.08808011369999999	0.0104366856	0.0330953097	-0.0511252201	-0.0581027122	0.035225067799999996	-0.0556231013	-0.0787419146	0.0173204011	0.0509894921	-0.0281792242	0.09955369189999999	0.08759995470000001	0.0589148917	-0.014121201699999999	-0.030420736099999998	0.0113776627	0.0104066031	0.0042082718	0.09398087050000001	-0.09412183199999999	-0.0430341977	0.0742317622	-0.0067816646	0.0113887153	-0.007433471600000002	0.1667623838	-0.18082690210000002	0.0305272326	-0.0338976756	-0.0374098879	-0.0057360935	-0.0300121267	0.0605528547	0.0174003769	0.0495740937	0.03258646	0.0071042069999999995	0.1612248476	0.031110224	-0.0305116606	0.0179442717	0.0239526421	-0.1301996664	0.0379013418	-0.0052224446999999995	-0.0092700375	0.0919890461	-0.1624681563	0.022291158300000002	-0.09456148980000001	0.057019562300000014	0.0224251227	-0.011562165	-0.0116642018	0.0057526736	0.0113971022	-0.0336868143	-0.0521585121	-0.0230107759	-0.033262073999999996	-0.1352317972	-0.1106647065	-0.0739321065	0.0996322357	0.0396667246	0.0591576509	0.042310594800000004	0.0175679036	0.0044754789000000005	-0.1682313745	-0.0414832199	0.0179975621	0.033944018900000004	0.07332442110000001	0.0925090024	-0.0352896845	-0.0229697634	0.0668431658	0.0506986697	-0.041205091400000005	-0.0178019583	0.0933893153	0.0685992316	0.0357184975	-0.0230519378	0.0568251638	-0.1385601399	0.0243716629	-0.037952762200000004	-0.011403651599999998	0.015546254499999999	-0.0347701598	0.0325723326	0.027793982000000002	0.0568062888	0.020771680600000002	-0.0263868948	0.0589124925	-0.0020927739000000003	0.0385288753	0.0287537459	0.2067237989	-0.1048708335	0.134965414	0.12114672039999999	0.012273938	0.0690236812	-0.0027474471999999997	-0.0977368032	0.0110469975	-0.0078966334	0.0446454651	-0.0074526802	0.1142116641	-0.1016910918	0.021954089700000002	-0.12050795289999999	-0.0778382915	0.012927756799999999	0.113578723	-0.001054271	0.012744866399999999	-0.0495825545	-0.0489716683	0.014700526200000001	-0.0411208741	-0.0660322971	-0.011743685700000001	-0.06481772059999999	0.0680518544	0.0234196496	0.036742569100000004	0.031953649300000005	-0.0478092263	-0.1265130217	0.08446395400000001	-0.0563286569	0.0627064166	-0.0762904658	0.10589577300000001	-0.046918727199999996	0.006006599699999999	0.0041120413	-0.0325816608	-0.047565219000000006	-0.039830632799999995	-0.0759468016	0.0548076162	-0.03162023	-0.0913248123	-0.0738478857	0.0060402421999999996	0.0	0.0	0.0	0.0010624	-0.00644854	1.12869376e-06	4.15836681316e-05	0.0655285	0.019983100000000004	0.004293984312250001	0.00039932428561000017	0.164552	-0.0009149999999999993	0.027077360704	8.372249999999985e-07	9.35856e-05	0.0004322596	8.75826452736e-09	1.8684836179216003e-07	-0.000405828	-0.0004486429	2.0128045172041e-07	1.64696365584e-07	-0.000196145	7.009400000000004e-05	4.913168836000005e-09	3.8472861025e-08	0.0	0.0
4508.231332293423	-7.695197051918512	20324149.745472133	59.21605766785537	4819.893775257197	14.165843205019884	200.671113709208	23231376.00476308	4700.884454860677	-5.617235546820665	31.55333518846567	22098314.657950766	4691.568192146513	3769.489425380083	1.069087	15.631207	0.039299960000000016	0.0252261	0.019441633	-0.1561026861	0.018862604499999998	0.06479411360000001	0.0552516349	0.046993112999999996	-0.046288311	0.1324693434	0.07441064929999999	-0.0138818442	0.021279330899999997	0.1550707867	-0.0304191068	-0.0012088708	-0.1369056195	-0.021465640299999998	-0.09525328599999999	-0.0464261019	0.07261114839999999	-0.0050625272999999995	0.1465761028	-0.0933136056	0.0648261747	-0.038847168	-0.0724327287	0.060040190300000004	0.0784739085	0.045565063600000004	-0.0146623102	-0.0673639314	-0.0195321119	-0.0725962818	0.0265444938	0.0178722475	0.0169594208	-0.0115067224	-0.044522411500000005	0.0939538559	-0.06022781360000001	-0.0992206206	-0.051825848499999994	0.023070668399999997	0.0303792998	-0.0559133026	-0.0035767832	-0.042376141900000004	0.0380709478	-0.1525200366	0.0703369224	0.022199626299999997	0.0942133401	-0.0951137284	0.0084620799	-0.0323284434	0.0292935904	-0.0055782864	0.11236093789999999	-0.0645544902	-0.0253170747	-0.0104333547	-0.0619398508	0.0390815927	0.09362422880000001	0.0460056335	-0.0104620696	-0.075962827	-0.0001614977	-0.0049994836	0.0830152716	0.0194370697	-0.07953400990000001	0.0018210568	0.17831722260000002	-0.0392763986	-0.0447217676	-0.0963806309	-0.0724017179	-0.08736639689999999	0.1279580566	0.15404164550000002	0.0343278957	-0.0187719913	0.09769302390000001	0.0860177085	0.0089791634	0.0101296472	-0.1404856558	-0.0925920467	-0.0691628734	0.05771223950000001	0.0094783214	0.0256563471	0.1486353225	0.0504087624	0.1087192244	-0.0457763988	-0.0262964838	0.07561359990000001	0.0553175661	0.1157509128	0.0330853503	0.05360902360000002	0.0091104416	-0.1088139114	0.0278855875	0.034876928700000004	0.0046510832	0.0028432214	-0.05148461519999999	-0.047322381100000005	-0.0778763591	0.007304706899999998	-0.0713061985	0.0158602144	-0.0350364477	0.0155466027	-0.017708467	-0.1100683072	-0.0401451468	0.1155138082	-0.0734691346	0.040167424199999996	-0.0843497674	0.0411398502	0.1024048981	-0.10731212539999999	0.024053346899999998	-0.0750763133	0.024602631899999998	0.0193711569	-0.0298003017	0.0758990805	-0.0447542344	0.034936317	-0.10942411449999999	0.0782338529	0.0726436306	-0.0289112345	0.0328863769	-0.1019164381	0.1256796916	-0.0081482734	-0.0303339081	-0.0182715563	0.0192365515	0.12206075039999999	0.033107088	0.0067021081000000005	-0.058251839699999995	-0.0451052157	-0.09203648449999999	0.11326521169999999	0.011998222900000001	-0.0018438276000000001	-0.0314909725	0.11570993130000001	-0.1469191009	0.032028389	0.05370553980000002	-0.034140143399999996	-0.0923400945	-0.07035615	0.0127218428	0.0	0.0	0.0	0.00359403	0.00253163	1.2917051640899997e-05	6.4091504569e-06	0.0654443	-8.420000000000649e-05	0.00428295640249	7.089640000001092e-09	0.177988	0.013436000000000005	0.031679728144000004	0.0001805260960000001	-0.000273751	-0.00036733660000000005	7.493961000099997e-08	1.3493617769956e-07	-0.00043336	-2.7531999999999983e-05	7.580110239999989e-10	1.878008896e-07	-0.00026623900000000004	-7.009400000000004e-05	4.913168836000005e-09	7.088320512100002e-08	0.0	0.0
4504.673212550726	-3.5581197426972717	20292080.75187208	12.660216103372102	4796.143038142811	-23.75073711438654	564.0975134766983	23002988.04232575	4701.675558543624	0.7911036829473233	0.6258450371728189	22105753.0578065	4693.5162863037485	3703.7312565435163	0.920908	13.464679	0.016742411999999998	0.00954913	0.0006773463	-0.1119849728	-0.0646107266	0.12979648259999998	-0.0382028126	-0.0207696529	-0.037162330099999995	0.0540715312	0.0274350758	-0.0403526711	-0.009347983399999999	0.0617684501	0.0142988407	-0.045360589800000004	-0.0287197748	0.09510387640000001	0.0127414585	-0.037453343300000004	0.026372837799999996	0.080863924	-0.026290148	-0.0519148533	0.0656984848	-0.0292427057	0.08659388220000001	0.0287515637	0.010881793700000001	-0.0010573703	-0.0158665059	-0.0755758643	0.0110846222	0.0394715633	0.0368211285	0.0011398024	-0.0698778397	0.0416983813	0.0411822055	-0.0204955892	-0.0289411808	-0.0087958198	0.0156561317	-0.0018217433	0.0965400701	0.070646368	0.0014620997	-0.014595805	-0.0972146863	0.1241218182	-0.1721198401	-0.0201055171	-0.0186888209	0.0601422319	-0.0595460787	0.0194333163	-0.0313007121	0.0443532108	-0.0914899518	-0.0783410271	0.0452444971	0.1493006264	-0.11382317869999999	0.0050403316	0.0240629756	0.10286505580000001	0.10435958949999999	0.0197348435	0.1179969917	0.0696582669	-0.0146382493	-0.0174666377	0.0292169688	-0.0008796667	0.06328411639999999	-0.0890432986	0.027781765099999998	-0.029080505	-0.0219955084	-0.17047334620000001	0.0227307118	0.0021390944	0.1042281816	0.0191593324	0.0126904549	0.0663311488	-0.026281737000000003	-0.029185353100000002	-0.0920521399	-0.037918027400000005	0.1035467689	0.0254755166	-0.06512029650000001	-0.0067334903000000005	0.0505339255	-0.0234165288	0.038207996800000005	0.053616492599999996	0.0405941351	-0.008432508299999999	0.0539022944	-0.0082309071	0.0608318928	-0.053005024299999995	0.0478041348	-0.0446143519	-0.055083588200000005	-0.008720239	0.034071736899999996	0.040722035499999996	0.1040937482	0.0324425943	-0.0448461786	0.031473632	-0.0316316934	-0.0225627586	0.0191815361	0.01969488	-0.017178825	0.0312882476	0.024754929900000004	0.0637407941	0.1042971349	-0.0108453466	-0.0602765354	-0.00039475599999999996	-0.1741408471	0.10725472779999999	-0.0032242728	0.09276696289999999	-0.0264109506	0.0194653547	-0.075771398	-0.0881137876	0.0909281332	0.0188773576	-0.025397606800000003	0.0063865023	-0.1684501843	-0.14302447769999999	-0.0219579257	-0.0119522399	0.0738203167	-0.08754832720000001	-0.0862299733	0.0086241511	0.014390849099999999	-0.0624030044	0.0522642759	-0.013511423799999998	-0.0982256516	-0.0371352583	-0.10322731119999999	0.0028322651	0.007957395899999999	-0.0597575612	-0.063610365	0.12021189060000001	-0.0337528792	-0.0888003927	0.0525927084	-0.036632711	-0.09318897359999999	-0.0666390423	0.0193397782	0.0	0.0	0.0	0.000315968	-0.003278062	9.983577702399998e-08	1.0745690475844e-05	0.0654595	1.5200000000006876e-05	0.00428494614025	2.3104000000020898e-10	0.177438	-0.0005499999999999949	0.031484243844000004	3.0249999999999446e-07	-0.000159741	0.00011400999999999995	2.5517187081e-08	1.2998280099999993e-08	-0.000428012	5.348000000000016e-06	2.8601104000000185e-11	1.83194272144e-07	-0.000127614	0.00013862500000000005	1.9216890625000013e-08	1.6285332995999996e-08	0.0	0.0
4502.565611839145	-2.107600711580744	20273097.088916413	4.441980759455659	4751.39553343166	-44.747504711151116	2002.339177874492	22575759.51511433	4700.863671377608	-0.8118871660162768	0.6591607703419413	22098119.25687776	4691.060326732631	3670.147262391999	0.8487879999999999	12.410202000000005	0.03752494799999999	0.0168261	-0.011271125	-0.048037608499999995	-0.07101359480000001	0.0186382407	-0.0821860588	0.048494515	-0.0491987338	-0.10063835289999999	0.0841190582	-0.0637756044	-0.0668581075	0.032900924	0.0743297795	-0.006533659200000001	-0.1082965738	0.0174644863	0.0946470802	0.050502369299999995	-0.12170895150000001	0.11887160179999999	0.0522689759	0.0382222752	0.0209500871	-0.1148407775	0.0683087785	0.0403805817	-0.0784407221	0.0774925595	0.0473281653	0.0124657122	-0.0225871411	-0.0395420348	-0.0167286625	-0.117838274	-0.0610560259	-0.0300284904	-0.021493291600000002	0.037250382	0.169791387	-0.0110810499	0.0738083863	-0.0143390705	0.041110827999999995	-0.0061472335999999995	0.039913930099999995	0.0789488633	0.0459079337	0.0012129713999999999	0.0283924746	-0.048907924400000004	0.1249605096	0.022039014500000002	0.0082032705	0.0024224910999999997	0.034349312	0.133583549	0.036472266	0.09454000109999999	0.0015535051000000002	-0.0291912473	0.0214346261	0.025662457599999997	0.0380243923	0.0874041117	0.0884357891	0.0898815509	0.0415442202	-0.0823186548	0.0279525367	0.0407016383	-0.0131473418	-0.0107513759	0.08497674820000001	-0.0477369366	-0.0276598484	0.046522821900000004	0.0188746974	0.1619716967	0.028652711400000006	-0.013686073100000001	0.17469322620000002	-0.046169394100000004	0.10522136039999999	-0.036334237799999995	-0.0656686633	-0.0555446641	-0.034102928399999996	0.0347082769	-0.0071983325	0.0228482225	-0.0054250768	-0.1789001445	0.10350660369999999	-0.040268163100000004	0.0449165019	0.0510631342	-0.0149473183	0.0639450953	-0.11404508630000001	0.06999938559999999	0.0159615215	-0.0864451517	-0.0564605063	0.0569954584	-0.037577665499999996	-0.1187119222	0.0333585344	-0.038117352599999994	0.056311322999999996	0.0537082218	-0.0688153456	-0.09939791	0.1219848557	0.0783450746	0.0873854769	-0.1013522743	-0.0721850726	-0.0163932166	0.0855476392	0.022261886600000003	-0.019566393600000002	0.032868188	0.0001856054	-0.086264286	0.0065138238000000005	-0.0913277211	0.032423638500000004	0.05732393230000001	-0.0449107324	0.1064817216	0.0547144718	-0.0509366655	-0.0540882725	0.0953407114	0.0332307757	-0.0278574801	-0.0477293995	-0.0684827992	-0.1153668332	0.006561394	-0.0645793575	-0.040108275299999996	-0.037824873700000004	-0.0154712901	-0.060412870199999996	0.0636648651	0.0205139922	-0.0289372442	-0.1146283124	0.0259359604	0.0870470274	-0.1207873436	-0.0346760385	0.0960749484	0.1275434266	0.0003646232	-0.1199531692	0.0748690446	0.051469345	-0.0390959363	-0.0938699199	-0.0627084696	0.0258609294	0.0	0.0	0.0	-0.00640478	-0.006720748	4.1021206848399987e-05	4.516845367950399e-05	0.07417389999999999	0.008714399999999983	0.005501767441209999	7.59407673599997e-05	0.178925	0.0014869999999999885	0.032014155625	2.2111689999999647e-06	-0.000249023	-8.928200000000003e-05	6.201245452900001e-08	7.971275524000003e-09	-0.000497697	-6.9685e-05	4.855999224999999e-09	2.47702303809e-07	0.000125475	0.000253089	6.405404192099997e-08	1.5743975625e-08	0.0	0.0
4505.691744558623	3.1261327194779374	20301258.09698373	9.772705779790524	4764.613387129522	13.217853697862664	174.71165637810176	22701540.72881386	4702.235825035614	1.3721536580060274	1.8828056611793218	22111021.75424836	4692.458595675514	3648.734221677645	0.868395	12.696872	0.028543309	0.013128399999999998	-0.0276143174	0.016581486200000002	-0.0392386299	0.0508501432	-0.0568992808	-0.025314850099999998	-0.046311746200000004	-0.05843554400000001	-0.0386916602	-0.0311589654	-0.0089469625	-0.04014603	0.026052488199999998	-0.055317664100000004	0.0837175658	0.17198323570000001	0.0310217751	0.074664233	-0.0111038903	0.0763984796	0.1546501931	-0.1205360815	0.011113883500000001	-0.047536748399999995	-0.058056201200000004	-0.0108092255	-0.0017128798	-0.0164146187	0.0275950144	0.0190824577	0.0502305135	-0.0869160774	-0.0139247618	-0.0401028966	0.0504032076	0.044133917300000006	-0.004314634	0.043879922	0.010626232	0.081917553	0.0074739123	0.16901275780000002	0.042169730499999995	0.0270323713	-0.14982718050000002	0.10213327679999999	0.1092378439	0.044241696100000005	0.0335997625	0.0757077414	0.0833390625	-0.0411095159	0.0037660938	-0.0185554383	-0.0019161695999999999	0.05918873030000001	-0.037620675	0.0257334074	0.057830070199999986	0.072627977	-0.0349054472	0.08439529679999999	-0.0196780123	-0.0097282185	0.0734569063	-0.033079387599999996	0.034482422	0.0461704492	-0.017160556599999998	0.1078777417	-0.1226734291	0.0005219718	-0.036585111499999996	0.020317596299999997	-0.0790955675	0.0055880897999999995	0.0152319516	0.0121552204	0.146263933	-0.068411898	-0.0881267097	-0.09684361009999999	0.016292499499999998	-0.0359078279	-0.0421587264	-0.0332014328	0.045568300199999995	0.0049260913	0.132285064	-0.026503058399999998	-0.095881205	-0.054037684800000006	-0.0362522095	-0.0233797198	0.0977896042	0.0035060836	-0.1434833718	0.10517221439999999	0.0312435376	0.0693488466	-0.0242961091	0.0075934322	0.022876916400000002	0.0382345526	0.0721526724	-0.0226860609	0.1004422302	-0.0568641028	0.06416879240000001	-0.0519930438	-0.0049477704	0.0326986311	0.0524676809	0.015585535900000001	-0.1927871682	-0.008372801800000001	-0.1405917949	0.031913859700000005	0.0881499707	-0.0155600025	-0.12274760800000001	-0.0387080039	-0.0085270122	0.033057100299999996	-0.009475690699999999	-0.0108146128	0.055412614000000006	-0.0709371558	0.055681057699999995	0.09119403720000001	-0.0438385717	-0.0796846769	0.0171010344	0.029654108999999998	0.0302239357	0.0888863565	-0.0791611238	0.0567719995	0.014986321100000003	-0.06992256	0.0358542606	-0.0890055247	-0.0259951723	0.0185769512	-0.0125566838	0.018579005	0.0319916302	0.10016662380000001	0.0095939688	0.0228048948	0.052979201399999995	-0.063320116	-0.0355904456	-0.12067148109999999	0.092991851	0.0638683439	-0.0717136225	-0.0274540085	0.0503356746	-0.0415278464	-0.0943817063	-0.0585770229	0.032252662	0.0	0.0	0.0	-0.000507051	0.005897729	2.5710071660100005e-07	3.4783207357441e-05	0.070253	-0.00392089999999999	0.004935484008999999	1.537345680999993e-05	0.181756	0.0028309999999999997	0.033035243536	8.014561000000001e-06	-0.000345725	-9.670200000000001e-05	1.19525775625e-07	9.351276804e-09	-0.000465486	3.221099999999998e-05	1.0375485209999987e-09	2.16677216196e-07	-6.348560000000001e-05	-0.00018896060000000002	3.570610835236e-08	4.030421407360001e-09	0.0	0.0
4510.088938845316	4.397194286692866	20340902.23629487	19.33531759492438	4709.12000135942	-55.49338577010258	3079.515864229423	22175811.18720334	4707.211361297353	4.975536261738854	24.755961091878238	22157838.79992688	4695.879630657388	3666.879829363349	0.844989	12.35466	0.061424255	0.0323497	-0.030076371	0.0436244041	0.0062704861	-0.0811164402	-0.021009635699999998	0.059397157	0.056850352800000004	0.0032914227000000002	-0.1775058863	0.0286065904	-0.030232349500000002	-0.051396862	0.0741012326	-0.0478854358	0.0349154852	-0.0861504893	-0.0403344105	-0.047248693200000004	-0.0383007611	0.0757889641	-0.0472465174	-0.0202918967	0.0121090226	-0.10088848380000001	-0.0726466483	-0.0722231533	0.0317590356	0.059591921299999996	0.1392198422	-0.023949117000000002	0.1177317416	-0.09561564550000001	0.0017323447	0.0706671801	0.022034363799999998	0.0144732263	0.0659982445	-0.0004329318	0.019530723	0.0789682069	-0.10501034960000001	-0.0188703425	-0.0642407848	-0.098653092	0.042373755199999995	-0.0611535001	0.06428351019999999	-0.1126770493	-0.0462722234	-0.023846443199999998	8.948790000000001e-05	-0.0053636001	0.030768662599999996	-0.019954451	0.0342563712	-0.0896974726	-0.0307136894	0.09990614029999999	0.0718588126	0.147300729	0.0143806455	-0.0407338895	0.0482268883	-0.040134180299999996	0.1381334934	0.14989195859999999	-0.0187018055	-0.005043647	-0.0330557141	0.0330498225	0.0007478446000000001	-0.1134621608	0.0454849604	-0.0928089684	-0.0340792113	-0.0880758559	0.0509346425	-0.0577592745	-0.0405228998	-0.1248572535	0.029923582	-0.1062722321	0.06894839009999999	-0.11561817619999999	0.0103906789	-0.0276550621	0.0850967312	0.0817128095	-0.0038713076000000003	-0.0868765457	0.0281563877	0.0025130051	0.0949093455	0.06572066	-0.0248083139	0.0663545598	0.0093322188	-0.0470038581	-0.0049478698	0.1082282215	0.0040194774	-0.0788945048	-0.00267121	-0.043708609	0.1249354014	-0.0595267546	-0.0247898911	-0.017190445500000002	-0.0568814803	-0.0561409777	0.0323859454	0.1382347228	0.0348331837	0.05843344900000001	-0.10479438599999999	0.057537954100000004	0.0681539991	-0.0284526076	-0.0861743048	0.1151871785	-0.0182837968	-0.0013321057000000001	-0.0234886121	-0.0311616632	0.1164048986	0.0281658377	-0.010963828	0.0713632208	-0.0176761054	-0.0580791637	0.023269766	-0.2213270231	0.0085884616	0.022884751600000003	-0.0636167162	-0.09187209210000001	-0.0263555889	-0.027976856	-0.0871247274	-0.084853891	-0.0489956754	-0.044126346600000005	0.0744377627	-0.02733967	0.0149346447	-0.013079535900000001	0.1996836552	0.0117668479	-0.0568230329	0.0179848129	0.0609658054	-0.0426916497	-0.09070124550000001	0.0060005055	-0.0098424984	-0.09239525259999999	-0.0183540162	0.043307692300000006	0.0491919241	-0.0439264932	-0.09472341039999999	-0.0542579362	0.038482989100000004	0.0	0.0	0.0	0.0006447240000000001	0.001151775	4.1566903617600007e-07	1.3265856506250002e-06	0.051582	-0.018670999999999997	0.002660702724	0.0003486062409999997	0.168489	-0.013267	0.028388543121	0.00017601328900000002	0.000115801	0.00046152599999999997	1.3409871601000001e-08	2.13006248676e-07	-0.000382437	8.304900000000002e-05	6.8971364010000036e-09	1.4625805896899993e-07	-8.560020000000001e-05	-2.21146e-05	4.8905553316e-10	7.327394240040001e-09	0.0	0.0
4506.812706711581	-3.2762321337349936	20311360.773376968	10.733696994117746	4754.251501820304	45.13150046088413	2036.852333850784	22602907.34256061	4706.820764948282	-0.3905963490706199	0.15256550790729756	22154161.71334833	4695.131117506283	3649.154990480071	0.8646450000000001	12.642043	0.07877985900000001	0.0375894	-0.0469749455	0.0551324655	0.0264089854	0.0164055683	-0.0034620758	-0.0313963459	0.0467185838	-0.059471120499999995	0.049089096299999996	0.0233046896	0.027225968700000002	-0.1062681927	-0.0632794933	0.0472126543	0.0164498088	-0.1095574845	-0.0852936585	-0.0628736421	0.024623434700000002	0.0076946585	0.0482813178	-0.0375892617	-0.10824509269999999	-0.0744993975	0.0627911999	-0.153409669	-0.043586672800000004	0.0816145371	0.0703696832	0.1061869619	-0.0343124641	-0.047551386699999997	-0.0800931037	0.08944786960000001	-0.0069664982	-0.028489971200000002	-0.0666411722	0.0919215124	-0.0852782818	0.029706482000000006	0.0032870917	-0.0088140678	0.0085792416	0.0314626167	-0.1107140085	0.1240782821	0.0142930082	0.0426692531	-0.0554542321	-0.0560637779	-0.023226807599999996	0.0227609733	0.0389001632	-0.1117793501	-0.0317142362	-0.0188068774	0.08768237949999999	0.1144239111	-0.0298985239	0.07802043759999999	-0.1380585527	0.0407959256	-0.0239891546	0.0890269195	-0.049146093200000004	-0.0960382952	0.0371672848	0.0781164178	-0.0077483943	0.0459190092	0.0437522763	0.0022797529	0.061360509699999996	0.0203671768	-0.0396326215	-0.0028391896000000004	0.0232241254	-0.1048040111	-0.1018735874	-0.0322497721	-0.028879966200000006	0.17968231269999999	0.0771523523	-0.0051606497	0.0071379355	0.007370164399999999	0.1141233542	-0.044534663099999997	-0.1008643315	0.0092655938	0.0159562909	0.1563648376	0.0210603958	0.042932501	-0.0070117534	0.047407304000000004	-0.10475442160000001	0.061957164599999996	-0.0604776289	0.0319850884	0.0412408652	-0.1539043628	-0.07430762889999999	0.0892130808	0.1410434196	0.0081278394	-0.0358981179	-0.0296170544	-0.0334669694	0.0904959794	-0.0118022805	0.0122648771	-0.1171431599	-0.030641633799999998	0.0192432868	0.031244584	-0.0603975017	0.05806541	0.0986483358	-0.0777167214	-0.09925565130000001	-0.020425509799999998	-0.052203827	-0.043898715199999994	-0.0010843238	-0.0200239955	-0.0558216682	-0.0098273515	-0.09651094119999999	-0.036087818	0.0345427274	-0.0922890449	0.0436033612	-0.0442068388	-0.088652046	0.16790885379999998	0.0171539612	-0.0216755363	-0.07470061160000001	-0.0131114869	0.1040437726	0.0045241865	-0.0907554941	0.024889082400000002	-0.00702122	0.0058129652	-5.48898e-05	0.065528188	-0.0335401859	0.0624817789	-0.0796075084	0.009379131800000001	-0.0168723225	-0.0013229183999999999	-0.1544628225	-0.0695900531	0.13406647060000002	0.0342968731	0.0480383225	-0.0462899555	-0.0948944166	-0.049765045	0.0445207318	0.0	0.0	0.0	-0.0030326	-0.003677324	9.19666276e-06	1.3522711800976e-05	0.0677471	0.0161651	0.004589669558410001	0.00026131045801000005	0.192283	0.023793999999999985	0.036972752088999986	0.0005661544359999993	-0.000215144	-0.000330945	4.628694073600001e-08	1.0952459302500002e-07	-0.00070312	-0.00032068300000000005	1.0283758648900004e-07	4.943777344e-07	-3.4359499999999995e-05	5.124070000000001e-05	2.6256093364900013e-09	1.1805752402499994e-09	0.0	0.0
4510.082080119798	3.26937340821678	20340840.369417723	10.688802482355	4759.135447762229	4.883945941925049	23.85292796364615	22649370.210146993	4708.3808575047915	1.5600925565095167	2.4338887848763995	22168850.29931756	4696.647122336663	3646.1655050858494	0.852649	12.466655	0.08625691	0.0432126	-0.0547435555	0.05742921190000001	0.0332856113	-0.0721375677	-0.0161864372	-0.1248386706	0.0874121304	-0.0345544625	-0.0313510109	0.039006239	-0.0024225005	-0.050456423099999995	0.0889928976	-0.0439976394	0.1353700303	-0.049735530800000004	0.0346501303	0.0063040725	-0.073996667	0.0739572655	0.0878087935	-0.058862730700000004	0.0023582154	-0.0322991251	-0.033385687000000004	-0.0648945688	-0.0085618687	0.0358872613	0.0041210624	-0.032844695699999996	-0.0464275402	0.10264840859999999	-0.0647325626	0.0249113201	0.0320735376	0.0528895069	-0.0675337887	0.026059959900000002	0.0383032238	0.01935977	-0.056938660499999995	0.155813956	0.040784585299999995	-0.036264523300000004	-0.19606458350000008	-0.016704639099999998	-0.0025575158	0.016377702	-0.0428932536	0.0326011762	-0.017144813000000002	-0.1315639917	0.0846539754	0.0969217944	0.027976722000000002	0.009989044499999999	-0.0320184431	-0.0112775355	-0.0066584669999999995	-0.0045584640999999995	0.0042903115	-0.0140793897	-0.0525189829	0.0136499321	-0.17516390910000001	-0.05944685	0.0619554712	-0.0404289271	-0.0287567871	-0.0213347563	-0.1033665369	0.0202781296	-0.0704508599	-0.0585771862	-0.048005134299999995	0.0041058542	-0.09629686529999999	-0.0236314245	-0.08151673429999999	-0.1032697727	0.013584135	0.0908672844	0.0689345684	-0.0264355633	0.0246768496	0.0019179514000000001	0.074108482	0.0829206351	0.0460091022	-0.1386345582	0.0082710689	-0.0032484615999999996	0.033940684900000004	-0.0081437605	0.0330244631	0.009558899499999999	-0.1097435258	0.0357483476	0.030872290299999997	0.0249199032	-0.0918133349	-0.0856782327	-0.0348203659	-0.036780816099999995	-0.011829031100000002	0.028265719300000002	-0.050539793099999994	0.0362660201	0.029110650699999997	0.0416766396	0.060905339	-0.0346420093	-0.0207487874	0.09644925039999999	-0.1615923543	0.0368304815	-0.125572333	-0.030465876	0.12525781019999999	0.0033454978	-0.038910592599999995	-0.1360446214	-0.0679113634	0.0451219685	-0.043537815599999995	0.0209968789	-0.0402682875	-0.0457838227	0.09101033210000001	-0.0366929865	0.08394531710000001	0.0543381484	0.0128637231	-0.0050617323	0.0507313955	0.0035553371	0.0146990988	0.042829431200000004	-0.0208024302	0.0546667547	0.0217665569	-0.07677747089999999	-0.07736393679999999	0.1012029912	-0.0635430329	0.0867023993	0.0570375658	-0.026079232	0.1443289508	-0.0376037461	-0.0343207798	-0.048559769	-0.024436658599999998	0.0389879798	-0.012851528000000001	-0.0343186315	0.1115077708	-0.0532569796	0.046875101100000004	-0.048616340300000005	-0.0948944166	-0.045112741399999996	0.0503356746	0.0	0.0	0.0	0.007646189999999998	0.010678789999999995	5.846422151609997e-05	0.00011403655586409995	0.06549590000000001	-0.002251199999999995	0.0042897129168100005	5.0679014399999775e-06	0.160118	-0.03216499999999997	0.025637773924000004	0.0010345872249999982	4.77729e-05	0.0002629169	2.2822499744100002e-09	6.912529630561001e-08	-0.000293925	0.000409195	1.67440548025e-07	8.6391905625e-08	-0.000185486	-0.00015112649999999994	2.2839219002249988e-08	3.4405056195999984e-08	0.0	0.0
4510.580318074392	0.498237954594515	20345334.805800088	0.24824105939852606	4786.342146624218	27.20669886198902	740.2044629669548	22909071.14455133	4703.94125404846	-4.439603456331497	19.710078849470573	22127063.321539	4691.516915614034	3662.287030909751	0.865705	12.657547	0.03707224500000001	0.0217826	-0.0571787874	0.0565242168	0.0774181781	-0.0664704535	0.0760085125	-0.0432175169	0.0362032714	0.0647557431	0.0021409438	0.0188390492	0.07863028309999999	-0.0335148597	-0.0130911529	-0.0109025031	-0.0366176737	-0.1375264342	-0.1104644917	-0.0426082997	0.028262245800000002	-0.0800351753	0.13086081060000002	-0.0809161882	0.0206335743	-0.022250639	-0.0492891549	0.0078329885	-0.0207769856	0.1276919585	-0.010744967	-0.0235586693	-0.0031035842	-0.0419514264	0.0182567154	-0.0629830073	0.0769160767	0.0381698653	0.0575738667	-0.0122340107	0.0316918229	-0.04290828309999999	-0.024705550899999998	0.0077133898	-0.0158000212	0.1067746391	-0.09112889390000001	0.050006475700000004	-0.0215735925	-0.0330089124	0.13030876619999998	-0.0828090132	0.065176872	-0.0018221639000000002	0.0216777269	0.072978208	-0.1089860233	-0.0655202652	0.053851071900000005	-0.021662415299999998	0.0394283391	-0.0126828694	0.0390162123	0.0538710432	0.0131160284	0.0328686591	-0.0899939666	0.11236062320000001	0.0038074009	-0.0869177318	-0.030763133999999998	0.009747806500000001	0.0405370272	-0.0245372996	-0.0124858276	-0.1476931678	0.1324178348	-2.12917e-05	-0.0080542572	0.06258063059999999	0.038885517	-0.0720986509	0.0193770778	-0.0045744293	-0.012715777900000001	-0.0852991148	0.014520074099999999	0.08198051320000001	0.0572660013	0.0004594029	-0.0961461398	0.0162720713	0.0875289817	0.0842797542	0.067511442	0.0736772564	0.0379028664	-0.0665440945	-0.055121693	0.0923572565	0.0511876975	0.10315068460000001	0.0225847016	0.0200057243	-0.0471718684	-0.0622004004	-0.028417206299999997	-0.0228975795	0.0306330889	-0.0620989091	0.064410485	-0.0204506574	0.0648747115	-0.0252124319	0.0403028421	-0.0048702261	0.0497647417	0.06769018639999999	-0.028824446099999998	0.0457756365	-0.0159817883	-0.0912212845	-0.0406724362	-0.0348849894	-0.059198929299999994	-0.0277928546	0.0583854443	-0.06888837860000001	0.0065627199	0.0194613899	0.10300125380000001	-0.026834616600000003	-0.10102222289999999	0.06382958429999999	-0.0359285327	-0.06294966219999999	-0.0884666808	-0.054644800300000004	0.0100015616	0.04401483	-0.049374579800000006	-0.042618193	-0.0699120919	0.0725834318	-0.0690593448	0.0827459165	-0.1128062424	-0.0396280376	0.1082317732	-0.048599215	0.022533836499999998	-0.121760126	-0.0181639681	0.0019033933999999999	0.0654507584	0.0563504183	0.06989083759999999	-0.0147107976	0.0253547645	0.08712287199999999	0.0457024925	-0.050903784	-0.09472341039999999	-0.0403159281	0.0558987171	0.0	0.0	0.0	0.00415799	-0.0034881999999999977	1.72888808401e-05	1.2167539239999984e-05	0.0654472	-4.870000000001262e-05	0.00428333598784	2.371690000001229e-09	0.159539	-0.0005789999999999963	0.02545269252100001	3.3524099999999556e-07	-0.000184133	-0.0002319059	3.3904961689e-08	5.378034645480999e-08	-0.000645053	-0.00035112800000000003	1.2329087238400006e-07	4.16093372809e-07	-0.000109393	7.609299999999999e-05	5.790144648999999e-09	1.1966828448999998e-08	0.0	0.0
4508.156956814789	-2.4233612596035528	20323479.14727758	5.8726797945473175	4783.7711750810795	-2.5709715431385116	6.609894675628022	22884466.65553661	4703.425586988109	-0.5156670603510065	0.2659125171310486	22122212.25233444	4692.022296566048	3678.220881085825	0.972025	14.212056	0.03415969000000002	0.0186097	-0.0584577245	-0.0028881137	0.0940806425	-0.024619055499999997	0.0359898612	-0.07485284889999999	0.0413381088	0.0449750982	0.066250948	0.0039524468	0.1077338727	0.045374091500000005	-0.0156324634	-0.045376134299999996	0.17952891769999998	-0.0550636891	0.1122766734	0.012771718999999999	-0.0694664339	0.0502178575	-0.035240592700000004	0.0363666673	0.0667155163	-0.0150297159	-0.0359723018	-0.030446719100000002	0.0435134488	0.0468496354	-0.1097143376	-0.08472742330000001	0.013926493100000001	0.0046572075	0.0899310442	0.0314569946	-0.0463350178	0.11140587449999999	0.0470959822	0.15037881109999998	0.0118843493	-0.058042098	-0.022582483900000002	0.0386752496	0.0066397353000000004	-0.010183018299999999	0.0560475585	0.0262622952	0.0441385734	0.19591704420000008	0.0893275987	0.029493407200000002	-0.0163314265	-0.0594704967	0.052191407599999996	0.0164085814	-0.0783786233	-0.0032108793	-0.054377160199999997	0.0406421234	-0.021141578199999997	-0.1781651985	0.149466933	0.1267088621	-0.0461045084	-0.0474185704	0.0002561161	0.023345950499999997	0.12288092710000001	-0.004467569199999999	0.08443194	0.0195540761	0.0155572469	0.0273504621	-0.0402115463	0.08882191099999999	-0.0361241544	-0.1584343697	0.13299493869999998	-0.023285337599999997	-0.033268501299999996	0.0259174421	0.0433896178	-0.07506923480000001	-0.0408405076	0.0402648876	0.0230225076	0.1187193339	-0.046472851399999994	-0.008613265	0.0673021092	-0.14694663289999998	0.0263380727	-0.0022114847	-0.06226819030000001	-0.08968274789999997	-0.017014529	-0.0031727178999999997	-0.052580190199999995	-0.0726199919	0.0328061316	-0.0086770903	-0.14104878070000001	-0.08908483699999999	-0.0111433775	-0.1381720685	-0.0623364855	-0.0413868621	0.025522387400000002	-0.0299880019	0.1176951521	0.0031778218	-0.09213119939999999	0.1250845269	-0.0765723059	0.0925355721	0.08568358720000001	0.0056328787	-0.057750284299999996	0.0247228277	0.0015634469000000001	-0.0826123181	0.0007003455000000001	0.0143937182	0.1704224396	-0.017647248600000002	-0.0487103932	-0.0429198525	0.0538126247	-0.0426321755	0.0476240016	0.0588010307	0.043830607800000004	0.1178066698	0.0087475809	-0.076827464	0.0797703845	-0.0634479409	0.026707676099999998	0.1253641296	-0.0162827721	0.0004316866	-0.0812648064	-0.1087439053	-0.0991632533	-0.0980016237	0.023789618	0.0095729107	0.025189669900000003	0.0160894507	-0.043364349100000005	0.0303360594	0.1057538599	0.12736837539999998	-0.0931776284	0.029165161000000002	-0.04469764389999999	0.0468136855	0.0088792938	-0.044712924400000006	0.0445207318	-0.0531504546	-0.0943817063	-0.035389970699999995	0.061182019800000015	0.0	0.0	0.0	0.00168097	-0.0024770200000000003	2.8256601409e-06	6.1356280804000015e-06	0.0478983	-0.0175489	0.00229424714289	0.00030796389121	0.166188	0.006648999999999988	0.027618451343999997	4.4209200999999844e-05	-8.54502e-05	9.868279999999998e-05	7.3017366800400005e-09	9.738295015839995e-09	-0.000639747	5.306000000000061e-06	2.8153636000000646e-11	4.09276224009e-07	-6.36864e-05	4.570659999999999e-05	2.089093283559999e-09	4.055957544960001e-09	0.0	0.0
4507.990548207651	-0.16640860713778238	20321978.78272952	0.0276918245295368	4793.773064374924	10.001889293844217	100.03778944631551	22980260.192726545	4701.24627976877	-2.179307219338625	4.749379956261452	22101716.583039705	4690.212573132394	3709.1717858983443	0.9764020000000002	14.276063	0.047535344999999986	0.0215398	-0.0375980801	-0.0681724868	0.0532102678	-0.09381423779999999	0.055971686900000005	0.0158348837	-0.076736366	0.0931200151	-0.0055092907	-0.0138771885	0.1030220889	0.084786275	0.1092966012	-0.0112923547	-0.0316506936	-0.0172305702	-0.0366879503	-0.0029297007	0.0641945726	0.0201753465	0.047680543799999996	-0.0163916806	0.0324287725	-0.0507782534	-0.0211149252	-0.011824191000000001	0.10179627390000001	0.0082020506	0.0026652911	-0.0939604564	0.0636751175	0.058297268799999996	0.0337566007	-0.0161403908	0.08724070140000001	0.0184588804	-0.0356415846	-0.0875329991	-0.0833615036	-0.0121648676	0.035661774300000004	-0.0841426433	-0.006215794300000001	-0.0069281654	-0.0505689229	-0.0157035102	0.0333010299	-0.071645884	-0.1495826439	-0.0776374421	0.012458080900000001	0.1222008975	0.0989949	-0.1413321016	-0.036122681499999997	-0.0893519692	-0.10469251140000001	-0.0370312896	0.013863851200000001	-0.012384796100000001	0.08441303550000001	0.08503226970000001	-0.0750784781	-0.2584630179	0.0813704713	-0.009336991	-0.0173841982	-0.0036402238	-0.0311550114	-0.0776677094	0.0361882886	0.0340285178	0.0809527815	0.0607696245	0.0093137726	0.018672271	0.0342049287	0.10631306300000001	0.0064585758	0.10414695369999999	-0.0019772916	-0.0137227994	0.0989176164	-0.058098982800000004	0.0090433643	0.11087349630000001	-0.10008307849999999	0.07485839450000001	-0.0075763267	0.0024420025	-3.61314e-05	-0.0373234437	0.0524580454	0.030520261099999998	0.0737557135	0.0069138624	0.0145320477	-0.0113637102	0.0248967537	0.0341845805	0.05950714360000001	-0.0169599928	0.0564022758	-0.1319424766	0.0395401135	0.019383812900000002	0.0346176961	9.22863e-05	-0.0016506751000000001	-0.0749647413	0.0889518106	-0.042131465199999996	-0.0543790866	-0.1081053101	-0.041746228999999996	-0.0009087996	0.0953839135	-0.011355131200000002	0.0382403729	0.0225018928	-0.078998067	0.02555603	-0.0572727314	-0.0999509334	-0.0314862838	0.0066926040000000004	-0.1305659275	-0.024477842599999997	-0.0750722015	-0.1147815001	-0.076442582	-0.049560134900000004	0.0675880074	-0.10881723060000001	0.06750699269999999	-0.04104146	-0.06259139059999999	0.1166302481	0.18155122469999999	0.0772232649	-0.1018168871	-0.004667109799999999	0.10298712460000001	-0.0973248713	0.11838457570000001	0.010132252900000001	0.040820379	-0.021245306000000002	-0.116154035	0.0130071689	0.0291494317	0.0360373538	0.035390085099999996	0.0180674475	0.0052085069	-0.10106239800000001	-0.1043385169	0.0526814475	0.0433300555	-0.0553545524	-0.0938699199	-0.0303506486	0.0661591428	0.0	0.0	0.0	0.00763824	0.005957270000000001	5.834271029760001e-05	3.5489065852900016e-05	0.0554996	0.007601299999999998	0.00308020560016	5.7779761689999976e-05	0.164421	-0.0017669999999999906	0.027034265241000003	3.1222889999999675e-06	8.574870000000001e-05	0.00017119890000000002	7.3528395516900035e-09	2.9309063361210005e-08	-0.000369303	0.00027044399999999995	7.313995713599996e-08	1.3638470580899998e-07	-0.00026623900000000004	-0.00020255260000000004	4.1027555766760014e-08	7.088320512100002e-08	0.0	0.0
4508.406203501104	0.4156552934528008	20325726.49576724	0.17276932297533398	4781.446200815114	-12.32686355980968	151.95156522216382	22862227.77128929	4700.546963639165	-0.6993161296049948	0.4890430491257098	22095141.75737738	4690.884482042513	3747.0345971446473	1.075761	15.728788	0.037347435000000005	0.0245266	0.031186946400000002	-0.12698610230000001	-0.0475009717	-0.0066379178	-0.0221410692	-0.0512373918	-0.1116240166	0.013602211000000001	-0.10501395820000001	-0.0333706907	0.0438362452	0.1630247334	0.08522984189999999	-0.0935092373	-0.0811652014	0.0547958621	-0.0058485613	-0.062088222199999994	0.0901250368	-0.0863551506	-0.124733111	0.0074463117	0.031005234500000006	-0.10221762699999999	-0.0267968909	-0.0497466073	-0.018969517800000002	-0.1620396085	-0.0402909011	0.0763651791	0.0072425621999999985	0.0029462483000000004	0.0357310201	0.1304116816	-0.0065711692	0.0472908908	0.07254404219999999	-0.0283848892	-0.030889318	0.0833001184	-0.0360300085	0.024125113700000003	0.0506470165	-0.0924639639	-0.0769668155	-0.0583943083	-0.0499882647	0.063845942	-0.0338903416	-0.056214119900000005	-0.12404422539999999	-0.0854376927	0.0843770599	-0.010801154399999999	-0.1395848833	0.0371386436	-0.1605572673	-0.08830878619999999	0.0441462517	0.055272441900000004	0.0234714129	-0.0181192476	0.09897400449999999	-0.0462456276	-0.030017883500000002	-0.0097021982	-0.0032822003000000004	0.06879220929999999	-0.0148660284	0.029992329900000007	0.062185344299999994	-0.058432578	-0.0993827291	-0.0109268951	0.0040102243	0.008197414	-0.0131105067	-0.045875774	-0.0763404686	-0.0188910227	-0.0315885585	0.0234994457	-0.0103636646	-0.0149305343	-0.014248733000000001	0.027706742599999997	-0.1636438429	0.0501050175	0.0821580395	0.0321839342	-0.019690098899999998	0.114918565	0.0719900797	-0.0335823341	-0.0037157145	0.0032204328000000003	0.1693490925	0.014570424399999999	-0.030487496099999997	0.0086958401	-0.11062279230000001	-0.0348943056	0.0881478133	0.0701474393	0.0246434768	0.0883172642	-0.0079873975	0.0328581041	-0.052969204000000006	-0.036033669	-0.011868853899999999	0.1555469273	0.0248166722	-0.023776399	-0.1069248583	0.0176820907	0.0797478908	0.0144376936	0.0821081021	0.0095924103	0.0746626341	-0.0723915742	0.0559685144	0.0734332634	-0.10959598039999999	-0.00594693	-0.0178510522	0.065819764	0.0418988448	-0.1375696046	-0.0927161827	0.0108038923	0.151633032	-0.0328982527	0.0432811815	-0.0900005823	0.0192880197	0.027506327	0.0526452013	-0.0965721471	0.0687682926	0.029074734900000006	-0.0231464877	0.0405788999	0.0317251935	-0.0636944051	0.0653306798	0.0414831175	0.0636051586	0.0354988554	-0.011612753	0.0020722808	-0.006258690999999999	-0.0318641831	-0.028724047000000006	-0.0449364962	0.0939529401	-0.0324605914	0.042130702	-0.057514311900000004	-0.09318897359999999	-0.0252141042	0.0708051784	0.0	0.0	0.0	0.007619039999999999	-1.9200000000001334e-05	5.8049770521599974e-05	3.6864000000005116e-10	0.055134400000000014	-0.0003651999999999891	0.003039802063360001	1.3337103999999206e-07	0.153738	-0.010682999999999998	0.023635372644000004	0.00011412648899999995	-0.000359428	-0.0004451767000000001	1.2918848718399999e-07	1.9818229422289005e-07	-0.000288879	8.0424e-05	6.468019776e-09	8.345107664100001e-08	-0.00026623900000000004	0.0	0.0	7.088320512100002e-08	0.0	0.0
4513.43487381007	5.028670308965957	20371094.36012492	25.287525076275767	4758.307456926866	-23.138743888248428	535.4014687259539	22641489.85464581	4699.61932504609	-0.927638593075244	0.8605133593626181	22086421.80034667	4690.514987352211	3732.972811555636	0.8839040000000001	12.923636	0.03794359000000001	0.017863499999999997	0.0543134068	-0.05293652980000002	-0.1033110014	-0.0220117902	-0.0886334282	-0.0159084393	-0.1074608111	-0.06808933019999999	-0.0270027127	-0.093973725	-0.061258673799999996	0.1186684907	0.06363717519999999	0.009680649	-0.0047852234	-0.0364120958	0.11913729140000001	-0.05444384	-0.0998561926	-0.0291656173	-0.0991529715	0.0184947445	-0.027726125	-0.0192432262	-0.0543044228	-0.0451391878	0.0319089867	-0.0558869825	0.0243019926	0.1461489322	0.0329678742	-0.0902963209	-0.0512851796	0.022391248399999997	0.119739906	-0.10869606400000001	-0.1055789707	0.052740551	0.1084434042	-0.0680923709	0.0524013947	-0.0048277339	0.1510789668	0.0095416176	0.0954453839	0.0731527028	0.10230026210000001	-0.09008207230000001	0.0047968702	0.012366228600000001	-0.0443141038	0.081376227	0.1411483028	0.0492023697	-0.0998355586	-0.09407567789999999	-0.0173605665	0.023414203199999997	0.068630888	0.014550756399999996	0.09176469529999999	-0.09645492859999999	0.0090399751	0.1125704383	0.0784094972	-0.060391627999999996	0.0172695387	0.0134043631	-0.1583932004	0.12057725890000001	0.0309493664	0.1250641207	-0.0765479443	-0.0421045003	0.1554939562	-0.0492543646	0.0750287971	0.0552827538	-0.0093200588	-0.024272392	-0.1216328651	-0.00033032760000000004	-0.008681348699999999	-0.005544175699999999	-0.0811354878	-0.050126848099999996	-0.1382608453	0.0651577797	-0.0443936984	-0.0627902313	0.0104560867	-0.0211599093	0.0619505925	-0.09843912449999999	-0.1183562905	0.0379323144	0.0472779471	0.043332872599999996	-0.054078576100000005	-0.0795704233	-0.0852840393	-0.0171558372	-0.049418269800000005	0.0410966386	0.1174647703	-0.0307948429	0.0247759867	-0.06884725	-0.09740912130000001	-0.1009347853	0.0355558961	-0.0712005689	-0.0041201685	-0.017820281299999997	0.0825648137	-0.0506473514	-0.1600308012	-0.0040022854	0.08466362449999999	0.1296492313	-0.0266015779	0.1459300443	0.057672246600000004	0.0165443328	0.09485478050000001	0.0115582395	0.0264281399	0.0997075152	-0.0159003872	-0.0762690854	-0.047680327300000006	-0.035913727400000005	-0.0234400858	-0.0998218891	0.015656123799999998	-0.1354807921	0.0337131834	0.0636172933	-0.18245284120000002	0.0477017308	-0.028500544	-0.0094566088	0.0053435235	0.060517868499999995	-0.0376598483	-0.09164595210000001	-0.0404839351	0.21533315329999997	-0.018573369699999998	-0.1053208626	-0.0394748717	0.0599963585	-0.007902770600000001	-0.031530331200000004	-0.003116871	-0.1120256307	0.031664632799999995	-0.0317548454	0.0409229116	-0.0596280034	-0.0923400945	-0.0199967914	0.0750968762	0.0	0.0	0.0	0.001915	-0.00570404	3.667225e-06	3.253607232159999e-05	0.0427128	-0.012421600000000005	0.0018243832838400003	0.00015429614656000009	0.152577	-0.0011610000000000233	0.023279740929000002	1.3479210000000538e-06	-0.000138418	0.00022101000000000005	1.9159542724000003e-08	4.8845420100000015e-08	-0.000288879	0.0	0.0	8.345107664100001e-08	-0.00011411	0.00015212900000000006	2.314323264100001e-08	1.30210921e-08	0.0	0.0
4522.681517579126	9.24664376905639	20454648.109451827	85.50042099182937	4771.027316136794	12.719859209928472	161.7948183204022	22762701.65132346	4703.957747702283	4.338422656192962	18.821911143768386	22127218.492168333	4694.2185608589425	3770.0614607546568	0.833997	12.193934	0.06208174000000001	0.031209	0.0958779232	0.0235107456	-0.1052185199	-0.0244799669	-0.109635015	-0.0088634251	-0.0992045677	-0.0179507032	0.0808877789	-0.0594492934	-0.1135925424	0.0966362262	0.0796342583	-0.043357484800000005	0.0338947696	-0.0209087801	0.1480427923	-0.0607502387	-0.046497332999999995	-0.0409307786	-0.029836728399999998	0.058450518300000004	-0.1376596421	0.09405166179999999	-0.0358882583	0.0014695536	-0.0300237887	0.07512008099999999	0.0538647562	0.1562841653	-0.058110162300000004	0.0352951164	-0.09067163550000001	0.14768331710000002	0.121488354	-0.07695132269999999	0.0910013945	-0.0399295883	-0.0581910745	-0.0365953399	-0.0486650851	-0.038034609	0.0254448379	-0.172521633	0.1298929384	0.0026795958	0.0018006045	-0.1024225116	-0.0099553737	-0.0014720088	0.0166069676	0.0532347106	0.0051939615	0.0681424288	0.0561431064	0.10653075699999999	-0.0418315676	-0.0734077589	0.0035081619	-0.0045534059	-0.027068367000000003	0.0921366172	-0.10594061689999999	0.048059112599999995	-0.0865281703	-0.0485843521	-0.0155505913	0.0570271551	-0.0826553169	-0.1022614529	0.07323616349999999	0.0212466202	0.0555841095	-0.0112561413	-0.004314804	0.023110387599999997	0.0518326629	-0.0133033792	-0.011436598400000001	-0.0054772484	0.051885895099999996	0.0100405356	-0.0067337794	0.0660553731	-0.05688377980000001	-0.0940986744	-0.08627530789999999	0.0992561648	-0.0114683057	-0.0826064819	0.031306096299999996	0.010604384	0.041981070999999995	-0.12318706060000001	-0.07597175540000001	-0.024717258	-0.032658724	-0.03425435	-0.10754767259999999	-0.09492709490000001	-0.0517942514	0.1164296636	-0.1790493175	0.1335114181	0.01766989	0.0104176961	-0.1418163787	0.0489457529	-0.09590705279999999	-0.0129717007	0.0747688572	0.07063790959999999	-0.0247568146	-0.14824815789999998	-0.018647469099999998	0.0796335428	0.0360007839	-0.0498560154	-0.0065355102000000005	0.0757310013	0.0518138897	0.1230915193	0.0417805642	-0.0522292408	0.1064862565	-0.041277253300000004	-0.0633649047	0.0849788114	0.014021366499999998	0.0026787378000000003	0.061578307400000004	0.0659722322	0.016344751299999998	0.055827505599999994	0.0985727954	0.0791519462	-0.08745360449999999	-0.0127448123	0.0436229398	0.0570035184	-0.0040869448	0.0438195676	-0.0923253607	0.0338015057	0.0955700261	-0.021111942999999998	0.0024306945	-0.015400609499999999	-0.012032501599999999	-0.066798538	-0.00046942519999999995	-0.044521875499999995	0.043485984400000004	0.0157696028	-0.1130292359	-0.0144595195	0.0205322136	0.0051970292	0.0397069262	-0.0616939336	-0.0913248123	-0.0147154228	0.0790127587	0.0	0.0	0.0	0.007619039999999999	0.00570404	5.8049770521599974e-05	3.253607232159999e-05	0.06535369999999999	0.022640899999999985	0.0042711061036899995	0.0005126103528099995	0.15656099999999998	0.003983999999999988	0.024511346720999992	1.5872255999999902e-05	-0.000581345	-0.0004429270000000001	3.3796200902500004e-07	1.9618432732900006e-07	-0.000288879	0.0	0.0	8.345107664100001e-08	-0.00026623900000000004	-0.00015212900000000006	2.314323264100001e-08	7.088320512100002e-08	0.0	0.0
4531.172165276811	8.490647697684835	20531521.191379346	72.0910983262008	4741.48364314166	-29.54367299513433	872.8286140434294	22481667.138179906	4704.922145694239	0.9643979919555932	0.9300634868879804	22136292.39704408	4695.2460928805895	3799.919342594237	0.8378680000000001	12.250545	0.05343476000000001	0.0363542	0.1253936877	0.0834277588	-0.1066311598	-0.049604109400000006	-0.0639686835	-0.0090072464	-0.0287559077	-0.1256012523	0.057235098099999986	-0.0239819462	-0.1263048477	0.049122317699999994	0.1408720293	-0.0176470644	0.1042375259	-0.050241469000000004	-0.1072253384	0.038389979399999996	-0.10096636640000001	-0.0865892618	-0.035822841	-0.10928830369999999	-0.0759587562	0.037852255099999996	-0.0606632405	0.09582857210000001	0.0292930825	-0.011735733799999998	0.0180896624	-0.0071996517	0.030190425400000002	-0.0798877383	-0.0655545368	-0.0626985392	0.1102437377	-0.0604573243	-0.0842456238	-0.023566344700000002	-0.0443292169	-0.0580470904	0.0386355988	-0.0989198327	0.019940916200000002	-0.0729132063	0.0208687998	0.09603448939999999	-0.0630811201	0.0245134491	-0.08938227230000001	0.048133511600000005	0.10921001179999999	-0.1056825467	-0.0381603043	-0.09022469279999999	-0.0042505092	-0.0703079705	0.0804363104	-0.0579218822	0.0491253004	-0.0235221433	0.0094620577	-0.08187686400000001	-0.010027769399999999	0.0645970028	-0.12027464310000001	0.0999686962	0.00028753110000000003	-0.08810333880000001	0.0822550486	-0.0521092973	0.023427179300000003	-0.0042831486	0.0438511859	0.0263501592	-0.054440796	0.0072274931	-0.0328584565	0.0833001441	0.0363922628	-0.10290915939999999	-0.0350653175	0.0883124016	-0.0973397992	-0.0815646984	-0.0322222514	-0.1130928548	-0.032530299500000005	0.1623474794	-0.048017751399999996	-0.1356797826	0.02501426	0.0086500539	-0.0164522229	0.1255856535	-0.06593953450000001	0.0206737549	0.0024415941	0.149493764	-0.0011942568	-0.0736093391	0.013999139099999999	0.13740218380000002	-0.0130455907	-0.0024727331	0.0319715572	-0.0435277824	0.005815243100000001	-0.1049053104	-0.0590707179	-0.07564680929999999	-0.012841108799999999	-0.0624199472	-0.0793945432	-0.023487334	-0.0723186505	0.0268409077	0.0404320674	-0.1029491175	0.0659575738	-0.028715463700000006	0.0441549676	0.1161158762	-0.0521292918	-0.0560422362	-0.0949548548	-0.0055418498	0.0333152996	-0.0755121127	-0.0049412778	0.0970636434	-0.042926904800000006	-0.0192354197	-0.0456424655	-0.0376907357	-0.1130581858	0.001497153	0.0446967413	0.0106800352	-0.0679256784	0.0288552987	-0.0833225769	0.019257806000000002	-0.0576179268	-0.0025889010000000002	-0.0700061675	0.0140026044	-0.0493725458	-0.158374316	0.024551705299999997	0.0174154097	0.0266725715	0.0232410545	0.0119125784	-0.007951881	0.0501330759	0.049849239000000004	0.1578188423	0.0858927384	0.038482989100000004	-0.0637104479	-0.0901449566	-0.009386916300000001	0.08253322910000001	0.0	0.0	0.0	0.0076528	3.37600000000016e-05	5.8565347840000014e-05	1.139737600000108e-09	0.06538330000000002	2.960000000003237e-05	0.0042749759188900035	8.761600000019167e-10	0.13257	-0.023990999999999985	0.017574804899999998	0.0005755680809999992	-0.000134118	0.00044722699999999997	1.7987637923999998e-08	2.00011989529e-07	-0.000288879	0.0	0.0	8.345107664100001e-08	-0.000125858	0.00014038100000000005	1.9706825161000012e-08	1.5840236163999995e-08	0.0	0.0
4532.501300642075	1.3291353652639373	20543568.040322106	1.7666008191953	4754.863495046442	13.3798519047823	179.02043699390651	22608726.856525265	4706.136389258463	1.214243564224489	1.4743874332605906	22147719.714302685	4695.714068878898	3812.2014000149134	0.8327839999999999	12.176208	0.05120032000000002	0.0356576	0.139724773	0.1379194335	-0.0906485752	0.0284295819	-0.035318006400000004	-0.0347228071	-0.0215755525	-0.0721799653	-0.0063203314	-0.0002109646	-0.128617693	0.0061791246	0.1197310159	0.017785864199999998	-0.0336660887	-0.0803677528	-0.0823267075	-0.0677987716	-0.0125346942	0.07377836509999999	-0.1314296841	-0.12343044939999999	-0.1427874009	0.1101101375	0.010668093899999998	0.0035413002000000008	0.0419322184	0.0697554604	-0.046269588099999995	-0.0306865175	-0.0973034459	0.0369777903	0.0850935209	-0.0349061651	-0.0695387524	0.0254315108	0.0466104563	0.0615527638	-0.08315242519999999	0.0663644704	0.1835940512	0.0480949692	-0.06519639099999999	0.0416313273	-0.012667978100000001	-0.0052219004	0.1188844511	0.033015012999999996	0.0092186622	0.009839684	0.04595112480000002	-0.0176009809	-0.0576101189	-2.421260000000001e-05	-0.1414620486	0.0249250101	0.0872666711	-0.0534337218	-0.0084039562	-0.07888970049999999	0.0233386992	-0.04666357980000002	0.0917590748	-0.006660419200000001	0.0291151788	-0.0617017917	-0.0810604416	-0.1563586172	-0.0359117642	0.137732905	0.0748737303	0.031884718199999995	-0.060348575	-0.037482764	-0.0455729951	-0.0841501966	-0.0136688695	-0.0276177685	0.0776368727	0.0353640377	0.024920475299999998	-0.0784160753	-0.1816030213	-0.0185272855	-0.0109455231	-0.09973214	0.0018224855	0.130018347	-0.050116824299999994	-0.0167533087	0.0055934013	0.07267895440000001	0.0813458643	0.07982758429999999	-0.09200097689999999	0.1748885705	-0.06877931849999999	-0.025520462400000003	0.0332548201	-0.0567763404	0.0867345075	0.0760920085	-0.11998788390000001	-0.0515978706	-0.0925844791	0.0948645445	-0.028449209399999998	0.0006855014	0.1168199409	0.023931109300000003	-0.0858346656	0.028113089100000002	-0.0013173452	-0.0452317316	-0.024765095299999998	-0.1672101365	0.053948501600000004	0.0393241596	-0.0064522826	-0.0337219005	-0.1401071488	-0.0416484465	0.0890401057	0.030390557599999996	-0.0269659407	-0.008601018	0.0307347979	0.0062962398	-0.0123667216	0.10841521890000001	-0.10676585460000004	0.104368215	0.0094971143	-0.014166901599999997	0.00014750819999999998	-0.07527089719999999	0.031659811	0.0316786812	-0.0341434025	0.0306521054	0.0991634758	0.0613950349	0.0992652157	-0.0330395884	-0.1758032391	0.0176959701	0.053787192000000004	0.0727632623	0.0204925379	0.0691011891	0.0352471841	0.0650480266	-0.0023054936	-0.0688419125	0.0709137106	0.10472573539999999	-0.0351020531	-0.018132564	0.0372513456	-0.06567593099999999	-0.08880265359999999	-0.0040283407	0.0856406697	0.0	0.0	0.0	0.00066164	-0.006991160000000001	4.377674896e-07	4.887631814560001e-05	0.06530570000000001	-7.7600000000011e-05	0.004264834452490001	6.021760000001706e-09	0.144735	0.01216500000000001	0.020948220225	0.00014798722500000022	-0.000733343	-0.000599225	5.377919556489999e-07	3.59070600625e-07	-0.000288879	0.0	0.0	8.345107664100001e-08	-8.57518e-05	4.0106199999999985e-05	1.608507278439999e-09	7.35337120324e-09	0.0	0.0
4537.930425115155	5.429124473080265	20592812.54318581	29.475392544199057	4751.431533033197	-3.431962013244629	11.778363260354125	22576101.6131022	4709.609967546228	3.4735782877651222	12.065746121233275	22180426.046410784	4699.324682104002	3837.858725504853	0.863556	12.626124	0.04613229000000001	0.0314751	0.1553984466	0.1470554542	-0.0563265415	-0.0138126403	-0.0434802934	-0.0475722929	-0.0155209487	-0.1325258469	-0.0567030605	0.046112493899999996	-0.1171963061	-0.0488354809	0.0913396917	0.0756256332	0.0923220701	-0.0024806392000000003	-0.0051142296	-0.1185743594	-0.10405024310000001	-0.0233678821	-0.0720969964	-0.027541810400000002	-0.0153820358	0.0812136856	-0.1327955426	-0.0508991729	-0.108744	0.2199167005	0.0031678655	-0.0775262392	0.0326575926	0.0733329901	0.0677311187	-0.0979007043	0.01489907	0.0112043829	-0.0401859234	0.0825893973	0.0131044357	0.0111956446	-0.0263808611	-0.0732099442	-0.0687624886	0.0106353845	0.08747783029999999	0.003903085	-0.0425345815	-0.0072844378000000015	0.0766010612	-0.0064351363	-0.0727217587	0.0731649375	-0.0403105093	-0.005173754	-0.10209731009999999	-0.0286032706	-0.1520775492	-0.0650125449	0.0298557472	0.0674274921	0.0370697315	-0.0488555346	-0.0224421623	-0.0228556271	-0.0100985053	0.0003092557	-0.0783932236	-0.020980303199999998	-0.028137090899999998	0.0326294413	-0.0275671792	-0.1255023176	0.0297893395	0.0072221594	0.052403056100000005	0.0544705787	-0.033864876	-0.09986576529999999	-0.0590678864	0.0399775099	-0.0653774821	0.0003371728	-0.0104007637	0.17848371640000002	0.029388524300000007	-0.1076515016	0.045007997	0.1309572735	-0.0132919927	-0.0675640566	-0.0871435166	0.0230793385	-0.0108121151	0.030564525099999997	-0.1734245002	0.021981512	-0.0772545474	-0.0895815009	0.06567880200000001	0.1181441975	-0.0478429842	0.0515252033	-0.1592419168	-0.047247613	-0.051296622400000005	-0.1225995309	0.0038715642999999998	0.0093083599	0.06962540639999999	-0.0508864213	0.039935799	-0.08783537599999999	-0.0816725581	0.09363246539999999	0.0769069371	-0.014563249399999999	0.0430033378	-0.013001778	-0.1095187496	-0.09631531970000001	0.046993832199999995	0.053652390700000004	0.0676028109	-0.0008136232	0.0776295758	-0.0041380877	0.0360239571	0.0516793274	0.0070976621	-0.046819481600000004	-0.0550965382	-0.0378276044	0.152985117	-0.0637726099	0.0084333279	0.00407381	-0.0085568988	0.0086031903	0.0825222787	-0.09715301970000001	0.025510116200000002	0.048375183700000005	0.0947280402	0.0936210644	-0.007860886899999999	-0.0595451718	-0.0721887767	-0.0797811745	-0.051437562400000005	-0.0131333328	-0.0707971332	-0.0324717449	0.0216230754	-0.054916364100000004	-0.05731036530000001	0.0291856695	0.025919304700000003	-0.1555799356	0.0360122423	-0.06758880860000001	-0.0873003222	0.0013431389	0.08831952960000003	0.0	0.0	0.0	0.00047971	-0.00018193	2.301216841e-07	3.3098524900000006e-08	0.0653617	5.599999999998662e-05	0.004272151826889999	3.135999999998501e-09	0.12683	-0.017905000000000004	0.016085848899999998	0.0003205890250000001	-0.000294982	0.00043836099999999996	8.7014380324e-08	1.92160366321e-07	-0.000288879	0.0	0.0	8.345107664100001e-08	-0.000207178	-0.00012142620000000001	1.4744322046439999e-08	4.2922723684e-08	0.0	0.0
4536.400290779503	-1.530134335652292	20578927.59818436	2.341311085142081	4732.978737278418	-18.4527957547798	340.50567116761937	22401087.727529604	4708.638986885258	-0.9709806609698716	0.9428034439774888	22171281.108815834	4698.105639479891	3857.050812602834	0.931815	13.624145	0.06851349	0.0365989	0.1527252051	0.13945270710000002	0.042947554400000004	-0.0251302786	-0.0647856964	0.0379144729	-0.006861910400000001	-0.12052188539999999	0.0492159855	0.0522415422	-0.1058407136	-0.053963698600000005	0.09786544890000001	0.1639100482	0.1239218115	-0.0303351058	-0.024210588300000002	-0.0977677292	0.0041982663	0.0389244381	0.0701336228	-0.0555199422	0.018103852099999998	-0.0385093442	-0.0399005425	0.0151246399	0.034912491000000004	0.0214287907	0.0248905814	0.0191111937	0.11481368880000001	0.08853963390000001	0.0004536479	0.0673117782	0.0320041189	0.0600819026	-0.0380053239	-0.0431689507	-0.021917234900000002	0.032756279	-0.0070853163	0.0583364862	-0.1163793158	-0.0050206688	-0.1622013761	-0.0214001524	-0.0342654877	0.0664064323	-0.0808466228	-0.1385844238	-5.57766e-05	0.1238111189	-0.125749143	-0.17084765149999998	0.047385838	0.0279653714	0.0425210945	-0.0698379531	0.08736012800000001	0.012251578400000001	-0.0283240719	0.0145683541	-0.0747192887	0.0101496367	0.0020168658	0.0326778697	0.0094925646	0.002281336	-0.0782413461	0.0156771412	0.0964607483	0.056470540199999995	-0.05911514530000001	0.034445246299999996	0.0478780175	0.0032446508000000002	0.0977712374	0.0026544112	-0.0158020171	0.0158539264	0.0627804551	0.0172398931	0.041160673599999996	-0.0391704058	0.029689446499999998	-0.0974230051	0.07752694759999999	0.0962703163	-0.11980628900000001	-0.09286689039999999	-0.1569207536	0.0211645648	0.028057660499999998	0.015422576499999997	0.013527248700000001	0.017494575800000002	-0.0707098233	0.0019112782999999999	0.023161107900000002	0.0064494115	-0.0541990568	0.0198677635	0.0328327273	-0.0700129318	0.0307159018	-0.0493447599	0.0328050095	0.051600900899999996	0.027339080800000002	-0.0045416481	0.14041606550000002	0.0683431966	-0.06118213650000001	0.022784154100000002	-0.0330263185	0.015308185600000001	0.053698084900000005	0.012202353400000001	-0.0351660717	-0.10293329609999999	-0.022599997099999998	-0.1196058957	-0.017736471299999997	-0.0450766291	-0.0613254776	-0.0017275701000000001	-0.2355629352	0.023121853300000002	-0.1047748895	0.0430879391	-0.1538400761	-0.0614516621	-0.014873726100000003	0.0695353394	0.0265744588	0.1021696585	-0.0761421568	0.018083193100000002	-0.0180638679	0.1216340869	-0.0509904324	0.0799199123	-0.0100025282	-0.0257650412	-0.0295222527	-0.1238334158	-0.0132377047	0.0394186863	-0.011994286399999998	0.033939234900000004	0.0399397992	0.0411177055	-0.011201519299999999	-0.0391188806	-0.0279919762	-0.0368831349	-0.005805970400000001	0.0237092454	0.0347659273	-0.0694475486	-0.0856406697	0.006710316	0.0905564026	0.0	0.0	0.0	-0.00376441	-0.0042441200000000005	1.41707826481e-05	1.8012554574400006e-05	0.0751952	0.009833500000000007	0.00565431810304	9.669772225000019e-05	0.150575	0.023744999999999992	0.022672830625	0.0005638250249999995	-0.000294982	0.0	8.7014380324e-08	0.0	-0.0007860709999999997	-0.0004971919999999997	2.471998848639997e-07	6.179076170409996e-07	-9.05526e-05	0.0001166254	1.360148392516e-08	8.199773366760001e-09	0.0	0.0
4527.472570234748	-8.927720544755177	20498007.874228034	79.70419412524366	4765.9633721871805	32.984634908762935	1087.986140064382	22714406.8650298	4708.140331216744	-0.4986556685144024	0.2486574757415455	22166585.37842971	4698.179414194858	3807.336659547616	0.9821	14.359362	0.041977242000000005	0.0206011	0.097738905	0.0774923621	0.092884584	0.050949044299999996	-0.0279030298	-0.0634163683	0.0465325938	-0.0041289714000000005	-0.08713796050000001	0.044646354699999995	-0.0512756071	-0.10540058570000001	0.0035707933	0.1554601873	0.0316663396	0.10686812789999996	0.0373732823	-0.0690532316	0.0462761597	0.11231665099999999	-0.008117459399999999	0.0354319114	0.0752266305	0.08755911949999999	-0.020959558700000002	-0.17830782690000002	-0.026457925499999996	0.053375981399999994	-0.0222678795	0.0206677799	0.0588808205	0.11735496570000001	-0.029044081200000002	-0.0759711669	-0.014550663200000001	-0.06860901259999999	0.1795485943	-0.1071260979	0.049026981399999996	-0.040085961600000004	0.0145065534	-0.019120364299999998	-0.1257626851	0.056137789900000006	0.028519383500000002	-0.1055670415	0.0248596375	0.0515533687	-0.0807902846	-0.006295738100000001	-0.032232762799999995	-0.03734137	-0.0390872097	-0.058994355199999994	0.0069917093	-0.057096841900000014	0.08298989849999999	-0.0690012689	0.0912433774	0.021056724500000002	0.0598405383	0.0386342527	-0.0009002868	-0.1313722968	-0.0171211297	-0.030977476299999997	-0.0474647662	-0.09297112980000001	0.062328099299999995	-0.051794778300000004	0.0532894638	0.0136002239	-0.040447285	-0.0418998754	0.0323197808	-0.0677576736	-0.0556752481	-0.0636572245	0.1064161381	0.0316994098	0.014242166399999999	-0.024095246400000003	-0.0359790389	0.025553005099999998	0.0243047065	-0.0709666829	0.1047087388	-0.0173323232	0.0109627306	0.0397618563	-0.1885890639	-0.0058838612	-0.027224170899999997	-0.0338889615	0.016319203100000002	0.0344870391	-0.0557415414	-0.171363469	0.0828580723	-0.0060459048	-0.0606188624	-0.0638308915	-0.1132189327	-0.0060901246999999995	-0.002376335	-0.026320773	-0.0408916068	0.0362296718	-0.0070301103000000005	0.007904805899999999	0.1172541437	-0.0271128982	0.15716158560000001	-0.058886408499999994	0.0467466514	-0.0173662346	0.165589141	-0.0950379208	-0.1260935476	-0.0250428962	-0.008990452	-0.0892216247	0.0320829664	0.029155149300000002	-0.106309065	0.10380395630000001	-0.0176991684	-0.047118748099999996	-0.0319823087	-0.0228954402	-0.0903062283	-0.031298971	-0.0579461236	-0.0375383528	-0.0291779927	-0.029623360499999998	-0.0356636073	0.0897215812	0.0843194326	0.062104673	0.0156656323	0.046356679299999995	0.040449983599999996	-0.1194905626	-0.06972982259999999	0.0604926078	0.0753813983	-0.053852652	0.0404537402	-0.056288309	-0.0097475852	0.0669706975	0.0467863508	-0.010972048	-0.0174000417	0.08487222	-0.0602579702	-0.0163189686	0.0335126502	-0.0712506621	-0.083826687	0.0120559979	0.0923400945	0.0	0.0	0.0	-0.00597196	-0.00220755	3.56643062416e-05	4.8732770025e-06	0.0654073	-0.009787900000000002	0.0042781148932900005	9.580298641000004e-05	0.16807	0.01749500000000001	0.0282475249	0.0003060750250000004	-0.00012754200000000002	0.00016743999999999998	1.6266961764000005e-08	2.8036153599999993e-08	-0.0007860709999999997	0.0	0.0	6.179076170409996e-07	-8.256760000000001e-06	8.229584e-05	6.772605281305601e-09	6.817408569760001e-11	0.0	0.0
4517.607480519444	-9.865089715303839	20408777.34804524	97.31999509099356	4771.903306440873	5.939934253692628	35.282818938190985	22771061.16602134	4708.342618854445	0.20228763770137448	0.04092028836680254	22168490.216521136	4696.360719093341	3736.991134851239	1.0605950000000002	15.507054	0.07507176299999999	0.0334413	0.0051556316	0.045517002599999995	0.11650491660000001	-0.08917233599999999	0.0914672525	0.1145060584	0.05784809940000001	0.0473284405	-0.004580236	0.0476825012	-0.0055374706	-0.024994479700000002	0.0075525137	0.1363434003	0.086410244	-0.0055241055	-0.0299240307	-0.0543453285	-0.1929466895	0.07025028	0.032691278399999996	0.0677869612	0.044283522	-0.027237946699999998	0.0980708641	0.0275418684	-0.157047797	-0.1869716126	-0.0477835104	-0.0073802876	-0.0331741952	-0.055700748099999996	-0.0296454789	-0.0006954102	-0.0770790193	0.0382273327	0.056181479900000005	-0.1175176348	0.0982086575	-0.050528471900000003	-0.0686764377	-0.0650963592	0.0804276974	-0.0071129981	0.070001559	0.0904950427	-0.0083763921	0.0289864489	-0.11948542	-0.0488809931	-0.0694777475	0.050409017199999996	-0.056340161	0.0570146562	-0.0076740125	-0.0138748228	0.0194152091	-0.1383520845	-0.09311149939999999	-0.0651209583	-0.0536161967	0.0066055762	-0.1561938551	0.0183568869	-0.0304574632	-0.0450653629	-0.0778677042	0.0007434992	0.06307475230000001	-0.0310885197	0.0109352992	0.0256595567	-0.0176275611	-0.0238091498	-0.0263858925	-0.0082042038	-0.11658349789999999	-0.1308311576	0.08763683050000001	-0.0179996555	-0.0306049827	-0.0371096902	-0.0313180589	-0.0788358759	0.036493112	0.0053614506000000004	0.08551173150000001	-0.0148299322	-0.0686236119	-0.1336660894	-0.1009344062	-0.1755336918	0.0171981234	0.0787232254	-0.0718947595	-0.0694796852	-0.0179334655	-0.060085515599999986	0.0158379664	-0.0579901251	-0.033263907999999995	-0.0831386721	0.170240047	0.1197825383	-0.0989598547	-0.0207683785	-0.0298879412	-0.036743397000000004	-0.071341315	0.0704668532	-0.0040356066	0.0112665677	0.12126257550000001	0.0001641119	0.1372106944	0.0556490833	0.0314475795	-0.0447347228	0.0793218395	-0.0248612638	0.0605937116	0.1580545682	-0.013401081399999999	0.0792540039	-0.0504357537	0.10564331769999999	-0.1593566521	0.09483030140000001	0.0495605939	-0.019022129	-0.025641243900000003	0.11090039439999999	0.0392747764	-0.0331074462	-0.0030856714	0.1321551698	-0.0080234824	-0.0401691481	0.0039225095	0.023650061	0.0037108796	-0.024668778	-0.0311914381	-0.021851548300000002	-0.0357911908	0.0412483625	0.014145188700000004	-0.0051558419	0.054735346799999994	0.031189026	-0.1252837646	0.0124519875	0.0738773226	-0.0648436905	0.0435702054	0.1061252861	-0.0041229725	0.0113254561	0.032252662	-0.0729967048	-0.0818616429	0.0173630609	0.093661679	0.0	0.0	0.0	0.00769997	0.01367193	5.928953800090001e-05	0.00018692166992490005	0.041226	-0.024181300000000003	0.001699583076	0.0005847352696900001	0.154569	-0.013500999999999985	0.023891575761000004	0.0001822770009999996	0.00011659	0.000244132	1.3593228099999996e-08	5.9600433424000004e-08	-0.000581181	0.00020488999999999975	4.197991209999991e-08	3.3777135476099994e-07	1.70719e-05	2.5328660000000008e-05	6.415410173956002e-10	2.9144976961000013e-10	0.0	0.0
4510.698400086503	-6.909080432940755	20346400.05654294	47.7353924288448	4836.075596148317	64.17228970744418	4118.0827662961465	23387627.171661306	4703.922615480014	-4.420003374430962	19.536429829981085	22126887.97242434	4692.784129193286	3742.4309135034746	1.175315	17.184383	0.06615307499999999	0.0349704	-0.0262227971	-0.0374061681	0.1245776747	0.0754918328	0.08635789320000001	0.06670651179999999	0.014950278899999999	0.0912454532	0.2053500666	0.0223867011	0.08721962789999999	0.043966457199999996	-0.0100271348	0.0205684853	0.061426768300000004	0.0618304554	-0.0613390026	0.0363881942	0.0298241442	-0.0115336078	0.21971692510000002	0.1046617759	-0.0488846087	0.062340315199999996	-0.0047701075	0.0060791609	0.0137483226	-0.2013370356	-0.0677522396	-0.0048947964	-0.025547401600000002	-0.0170920349	-0.0168682008	0.017973613899999998	-0.0394247381	0.063248425	-0.0060592375	0.0805294007	-0.17194653140000002	0.014230671200000001	0.0953170239	0.07546394669999999	-0.0185449338	-0.0328977404	0.0021901671	0.081573911	-0.0084398413	-0.0467648941	-0.0100488735	-0.056954712699999986	0.0416154699	0.0438122174	0.0298708936	-0.0447115434	-0.0250406346	0.0094646029	0.0077208734999999985	0.0424935001	-0.0986137197	-0.010505148899999999	-0.0086825589	0.023391496600000002	-0.0609962096	0.0718365292	0.1683972621	0.08864711119999999	0.0113406387	0.0825331583	0.0456879637	0.0168649703	-0.020221108600000003	-0.0101306112	0.09238815660000001	0.1165538581	-0.012633388899999999	-0.0267687996	-0.0015954182	-0.003688060300000001	-0.0071601381	0.0954161659	-0.002084179	0.10998920470000001	-0.09348737119999999	-0.0128648154	0.0365315249	0.09306395630000001	-0.0390522934	-0.0559818129	-0.0252287289	0.030885493599999998	-0.0686909725	0.016323525	-0.0615782908	0.0584632067	0.0978250739	-0.2093377532	-0.1722041338	-0.0297321705	-0.0211246629	-0.1316173933	-0.041203143399999996	0.018210940800000002	0.1658678882	0.0487931746	-7.5353e-06	0.054875441500000004	0.027597825099999997	-0.016667799	0.0339903211	0.0337410124	-0.1072892474	0.0402528119	-0.10373647529999999	-0.11554298269999999	-0.0793927592	-0.1007398504	-0.04488734230000002	0.0323759449	0.0276231114	-0.0409647253	-0.0634570464	0.0364610817	-0.034470120800000004	-0.037445102599999995	0.0314918723	-0.0959531742	-0.0101331973	0.0256773194	-0.0782203278	-0.0054846249	0.0388585877	0.0577252746	0.022303673399999998	0.016748857	-0.0408674026	0.047025347099999996	-0.0443571096	-0.013758514	-0.062087936600000004	-0.1098947092	-0.0902132009	-0.0224843192	0.0275984366	-0.0281962326	0.10530834550000001	-0.0233442869	-0.1217695839	0.0127234053	-0.1254874794	0.0531109521	0.025150590299999998	0.1068923838	0.0054223638	-0.0678838503	-0.0224111918	0.0200931287	0.0145538751	0.021732228399999998	0.030986214900000007	-0.07468427820000001	-0.07974907860000001	0.022614504700000003	0.0945145424	0.0	0.0	0.0	0.00759324	-0.00010673000000000019	5.765729369760001e-05	1.139129290000004e-08	0.0384515	-0.0027744999999999988	0.00147851785225	7.697850249999995e-06	0.16572	0.011150999999999994	0.027463118400000004	0.00012434480099999986	-0.000302325	-0.000418915	9.1400405625e-08	1.7548977722499996e-07	-0.00024099	0.00034019099999999994	1.1572991648099995e-07	5.80761801e-08	-0.00026623900000000004	-0.00028331090000000003	8.026506605881001e-08	7.088320512100002e-08	0.0	0.0
4515.281328359738	4.5829282732347565	20387765.47423408	21.0032315576145	4808.004906849427	-28.070689298890105	787.9635977148233	23116911.18428817	4699.815177939924	-4.107437540090359	16.871043145743545	22088262.70679448	4691.052528282872	3791.8545446558587	1.179847	17.250644999999995	0.04937177000000001	0.0274136	0.055783317699999994	-0.1298807434	-0.0207777019	0.0732839904	-0.0352563789	0.0362970122	-0.0459188827	-0.042896196799999994	-0.0256970325	-0.031785000099999995	0.0045186794	0.1674619647	0.0640249314	-0.0043223359	-0.006081243199999999	0.0300157272	-0.0354200676	0.0228425672	-0.023105111600000002	0.0732974129	0.0387722366	0.11689736810000001	0.0140076224	0.09922354189999999	0.0977326381	0.12796706859999998	0.1002821909	-0.0409578731	-0.0300516508	-0.0064039213000000005	-0.020483303	0.023149288100000002	-0.0051427148	-0.0465333483	-0.1331569775	0.0388788568	-0.0007252481	0.042705105599999994	0.050300375300000005	0.0591165195	0.0311320784	0.0190682179	-0.15470443050000002	0.0258973404	0.047529560199999994	0.048456393	-0.0041219518	0.0423938054	0.0731386786	0.006681168	-0.0350021568	0.1111708308	-0.061731253099999994	0.0133386763	-0.006885894599999999	0.0098642528	-0.0832919889	0.1206823632	0.0298967956	0.0756386131	-0.0724771749	-0.0539800874	0.0859838949	-0.1517017425	0.013487606499999999	-0.0331720965	0.11292135	0.0824050436	0.0262666923	-0.0944385525	-0.0018028745	0.0757909013	-0.0065514323999999995	0.0248745755	0.0308090511	-0.0034441279	-0.0060006974	0.043325913	-0.0726331228	0.0295433537	0.0330251258	0.05875511200000001	-0.0653218336	-0.0197998633	-0.0043861411	0.0037299795	-0.1660400344	-0.0253796768	0.0255113354	-0.0289328715	-0.0542140658	-0.0720575125	0.0545467021	0.06636018769999999	0.10326747619999999	-0.047285796100000006	0.021665657400000003	-0.064081267	-0.0407269258	-0.1591599234	0.045285092199999995	0.0393771608	0.0301592571	-0.049308256200000004	-0.0427660806	0.0084080258	0.04703468	0.0449154263	0.0469999196	0.1331211785	-0.08409400980000001	0.014576371599999999	0.029966000099999997	0.0938163957	-0.0173821478	-0.0719757077	-0.0350325056	0.052886709299999994	-0.0697146714	-0.12370902019999999	-0.0229330536	-0.030855897599999998	0.0625285728	-0.08557227619999999	0.0809080398	0.038769154199999996	0.0937811586	0.0412968843	-0.0525667303	0.0222983753	0.0462367715	-0.1180152075	0.0089842904	-0.0191953174	0.013702696399999999	-0.0796627726	0.0177670352	-0.096920262	0.1427242537	0.1270524013	0.0549043424	-0.0293686714	0.026071514599999998	-0.0196369383	0.0811919059	-0.0279452703	-0.0404068683	0.008527560699999999	-0.0047651722	-0.0554332042	0.0492205138	0.0636495893	0.0880044057	-0.0217086771	0.046605812	0.0253285575	0.1240114226	0.0089269694	0.0297135627	-0.0763120305	-0.077492801	0.0277935075	0.0948944166	0.0	0.0	0.0	0.007657579999999998	6.43399999999978e-05	5.8638531456399976e-05	4.139635599999717e-09	0.0350365	-0.0034150000000000014	0.00122755633225	1.166222500000001e-05	0.14608	-0.01964000000000002	0.0213393664	0.00038572960000000066	-2.05734e-05	0.0002817516	4.232647875600001e-10	7.938396410256e-08	-0.000358258	-0.00011726800000000003	1.3751783824000004e-08	1.28348794564e-07	-0.00014021	0.00012602900000000005	1.5883308841000008e-08	1.96588441e-08	0.0	0.0
4520.084979134411	4.80365077467286	20431168.218596525	23.075060765015174	4758.24145765738	-49.76344919204712	2476.400875489455	22640861.76936943	4698.495611671463	-1.319566268461131	1.7412551368604328	22075861.012895994	4689.544597953568	3766.0605912943024	1.018392	14.889991	0.08055980000000003	0.0400208	0.08221844190000001	-0.028028586	-0.0916650707	0.025660557200000003	-0.09122581710000001	0.0643381431	-0.0919597152	-0.015333758400000001	0.0450664697	-0.0888469569	-0.1040386025	0.0880544188	0.0120905644	-0.0024311969	-0.1521714191	-0.0647858914	-0.0699746791	0.0274550623	-0.0059029028	-0.1460464553	-0.0202128297	-0.0300286043	-0.0142940747	0.1562885561	-0.006244501800000001	0.0801371225	-0.1394821784	0.0119747178	-0.0539709471	0.052060172599999996	-0.0422691634	-0.0026532071999999995	-0.027534643199999997	0.061901979800000013	0.012820275	0.029016106099999998	0.0180661682	-0.09428999939999999	-0.054845890300000005	0.046554417199999996	0.019436558700000002	-0.0130158321	-0.030665150899999997	0.0118856229	-0.1523624158	0.0406080123	0.0001502655	-0.0474885966	0.0754914766	0.0326070719	0.0432780544	-0.0048228268	0.11335593890000001	-0.0031240296999999998	0.041394848	0.08132697309999999	-0.0482843402	-0.0346660573	0.0452660829	-0.0485022848	-0.032909923	-0.0983166981	0.0050405696	-0.031564275600000004	0.06738621809999999	0.001614033	-0.023063653599999998	0.0173201062	0.0166055606	-0.0169685714	-0.0705110596	0.0224911425	0.0312933658	0.09971735050000001	-0.0305938677	-0.1075199631	0.1598668863	0.0266345255	-0.0903834275	0.0490584254	0.0979235226	0.08158414509999999	0.00044421839999999994	0.1430802765	-0.07686006990000001	-0.09361001050000001	-0.1128613332	0.0235074098	-0.08666714019999999	0.0991131884	0.1098062491	0.011842950500000001	0.016713256699999998	0.0704963772	-0.0784696349	-0.058559569400000004	0.0568082314	0.0405052449	0.0774806053	-0.022876325299999997	0.044891962800000004	0.1291068691	-0.0531852576	0.11775230980000001	-0.121180595	0.022532274300000002	0.0158967592	-0.0082967812	-0.055277094699999994	0.0561829742	0.0678593676	0.0343048869	0.0504996914	-0.0613660382	-0.0613295744	0.0199153362	-0.0026030391	0.0264481115	0.1202933076	-0.0332990805	-0.0640420771	-0.0846665909	-0.0489041318	-0.021712267200000003	0.0464729396	-0.07053584610000001	0.09678993849999999	-0.0670614256	0.0101301138	-0.0764050433	-0.0398928802	0.0353291694	0.0481893817	0.058848490499999996	0.0911839719	0.037115227	0.0170002966	-0.0794704181	-0.0063965231999999995	0.0257904053	-0.044589260199999994	-0.010620903000000001	0.0455760842	-0.0525450375	0.0064646342	0.0048838246	-0.1286498621	0.0267841566	-0.0609563109	-0.0469399084	0.18002824920000002	0.08404169410000001	-0.055486885599999994	-0.0464690927	-0.0609804933	0.0450074462	0.025218687799999997	-0.11105818070000001	0.0284349602	-0.077878658	-0.0750968762	0.032883479199999996	0.0947994005	0.0	0.0	0.0	0.00770735	4.977000000000193e-05	5.94032440225e-05	2.4770529000001927e-09	0.0653631	0.030326599999999995	0.00427233484161	0.0009197026675599996	0.1524	0.00632000000000002	0.02322576	3.9942400000000256e-05	-0.000522545	-0.0005019716	2.73053277025e-07	2.5197548720656005e-07	-0.0006075259999999999	-0.0002492679999999999	6.213453582399996e-08	3.6908784067599993e-07	-0.00026623900000000004	-0.00012602900000000005	1.5883308841000008e-08	7.088320512100002e-08	0.0	0.0
4532.854956963237	12.769977828826086	20546774.06086619	163.07233374870978	4782.298191384835	24.05673372745514	578.7264376336776	22870375.991322666	4703.963073007553	5.4674613360903095	29.893133461642428	22127268.592218664	4695.4445737788565	3802.212363659375	0.963869	14.092807999999998	0.04288829000000001	0.0208329	0.1117382083	0.0255920273	-0.0611608347	0.0355879409	-0.1135726158	0.014070351299999999	-0.15703406949999998	0.0380162559	-0.0295427542	-0.0562332071	-0.16208902960000002	-0.0321101373	0.11905451269999999	-0.0576287245	-0.028875333399999998	0.057141709299999996	0.0152429597	0.0719136854	-0.0765013764	0.0308741217	-0.089612884	0.09580914199999999	-0.0351822804	0.050597328	-0.0036240752	-0.0373379127	0.1198119436	-0.1769329912	0.024143208500000003	-0.14088203800000001	-0.0331301236	0.1216225995	-0.1186621745	0.0035270549	-0.0033510617	-0.0374644266	0.036785171400000004	-0.027941887999999998	-0.0734087338	-0.0111865925	-0.0534577378	0.0025972389000000003	0.0445600145	0.0070772253	-0.011962443100000001	-0.1066673836	-0.0361213091	-0.0273351757	0.061325762699999994	-0.0449474242	0.0745207622	-0.0216675556	0.0014103521	0.0446814651	-0.0109599165	0.042333638099999994	-0.0148106299	0.0797095825	-0.0548230648	0.0005703419	-0.155783637	0.0408044407	0.0125116333	0.0764816603	0.0877002792	-0.014575909199999999	-0.0443718497	-0.0075524903	0.12478156929999999	0.0328332482	-0.056368196399999994	-0.0160477219	0.0458063426	0.036427230899999996	-0.0691387157	0.0890865889	-0.0010108455	-0.0200915047	-0.0005058464	0.0210648856	0.020587555	-0.11732828810000001	-0.1292105791	0.048006035700000005	-0.0519572467	-0.12418410449999999	-0.047072683	0.1325900024	0.12006968960000006	0.0679129205	0.024459766600000002	-0.1081110151	-0.0336160892	0.0381735903	-0.06245505730000001	0.0024994798	0.021256645299999998	-0.08394579199999999	-0.0240765423	-0.20982119600000002	-0.0387487908	-0.026806364300000003	0.1353780146	-0.11510489189999999	0.0129482337	-0.0064226168	-0.169468225	0.0257636175	-0.0261663119	0.010376617099999999	-0.0241637811	-0.0802120501	-0.0101735174	-0.072987726	-0.0625935337	0.0320170997	0.0266419098	0.0266597587	-0.048921532000000004	0.105388452	0.0368320386	-0.0937228384	-0.053788530999999994	-0.0357918972	0.0086828836	-0.10559436130000001	0.0553591499	0.0157276542	0.057773589800000004	0.0363646584	0.0555621325	0.0250414455	0.0096224637	0.0030646487	-0.012600170700000001	0.1156102009	-0.0158575432	-0.103672094	-0.010576277299999999	-0.09417723970000001	0.035308680499999995	0.008358666800000001	-0.0258594092	-0.0875271453	0.0072792553000000015	0.0539353921	-0.0794933337	0.0108177059	-0.0151838438	0.060723524	-0.0028032799	-0.101333904	-0.00021418919999999998	-0.0002420799	0.050756273600000006	0.0576700904	-0.0372248186	0.046896371900000004	0.0271506633	-0.0793829058	-0.0725656218	0.0378681153	0.0942299696	0.0	0.0	0.0	0.00309306	-0.00461429	9.5670201636e-06	2.12916722041e-05	0.0553978	-0.009965299999999991	0.0030689162448400004	9.93072040899998e-05	0.145814	-0.006586000000000009	0.021261722596	4.337539600000011e-05	-0.00034957	0.00017297500000000002	1.221991849e-07	2.9920350625000014e-08	-0.000346047	0.00026147899999999995	6.837126744099997e-08	1.19748526209e-07	-0.00026623900000000004	0.0	0.0	7.088320512100002e-08	0.0	0.0
4537.491286386906	4.636329423668941	20588827.1740371	21.495550524778363	4779.358223925939	-2.9399674588967173	8.643408659371621	22842265.032608498	4710.517784169685	6.554711162131753	42.96423841897459	22188977.79497888	4700.823502739782	3840.708767892737	0.968669	14.162987	0.09180406	0.053346000000000005	0.1237664916	0.04964648309999999	0.0264461282	-0.0598569845	0.0330185942	-0.0006926342999999999	-0.0065260127	-0.1197719339	0.1290503546	0.042532473499999994	-0.1459978937	-0.0676568084	0.0632833495	0.042461520700000005	-0.1702690827	-0.0289027037	0.0356051454	0.22294445129999999	0.1191627039	0.0734543663	-0.0285526521	0.0184159045	-0.0054944662	-0.049203876900000006	0.061085436500000014	-0.0213136536	0.0581680189	0.028594542999999997	0.0215880657	-0.0663908697	-0.0927086206	-0.0790040677	0.0776326342	-0.04466542019999999	0.054638924500000005	-0.0549123895	-0.0108137138	0.0843248254	0.045636689400000006	-0.017563341399999998	-0.0355556454	-0.1473107031	0.0620924995	0.061207627	0.039706257599999996	-0.1045577696	-0.03299273	0.0172298834	-0.07705832230000001	0.1410751977	0.0040680060999999995	0.039125281	0.0006891247	-0.1081518792	0.145241579	0.0025095806	0.1060918626	-0.0980647981	0.013639101899999999	0.0061758901	0.0778188926	0.0844962024	0.008968405799999999	-0.031294444	-0.1119320691	0.1364295501	0.0963708516	-0.010762744599999999	0.012677471200000002	-0.053530209800000006	0.046551874400000005	0.024459997799999997	-0.0914058862	-0.0316964464	0.0374602372	-0.0204315666	-0.0829736787	0.0545841406	-0.0580952038	-0.0434564193	-0.0206099049	-0.025656761200000003	0.0140056295	0.0076163322	0.033548887299999997	-0.1245134336	0.0242687949	0.09442922599999999	-0.0910367266	0.18805682710000002	0.0933194291	-0.1366276847	-0.091800707	-0.0216583702	0.1601965848	0.10132362550000001	0.0564865013	0.011669798799999999	-0.0690767083	0.0294590775	0.0930864309	-0.035911568	-0.036786034599999996	-0.0199542849	0.0124883654	0.0694397885	-0.0388334262	-0.0856959166	-0.0046504017	-0.1315671088	-0.0857398029	-0.058659482199999995	-0.0280535359	0.1216800383	0.13866180460000002	0.020658096100000002	0.0816865027	-0.0001863698	-0.033991657599999996	0.0806419907	0.0628113998	0.027197401200000002	-0.045655409400000006	0.0156090875	-0.0607450601	0.11256205679999999	-0.0046359279	-0.1749675465	-0.1043500864	0.0141244679	-0.0044388584000000005	0.0047726813	-0.10136635990000001	0.09456883869999999	-0.028145876	-0.0341832907	-0.0829586093	0.0659737879	0.042271860999999994	0.0086194633	-0.1053565134	-0.023582392999999997	-0.0781903665	-0.0039763912	-0.0143234075	-0.0978543384	0.07720972570000001	-0.0698058738	0.1200492612	-0.0407128084	0.0063160722	0.04947837150000002	0.0049155777	0.0913766621	0.034691511800000005	0.0324830611	0.0733202054	-0.0210797474	0.0258609294	-0.080823569	-0.0699035991	0.0427314484	0.09318897359999999	0.0	0.0	0.0	0.00351607	0.00042301000000000014	1.23627482449e-05	1.789374601000001e-07	0.0655544	0.010156599999999995	0.00429737935936	0.00010315652355999988	0.133881	-0.011933	0.017924122161000002	0.00014239648899999998	0.000451818	0.0008013880000000001	2.0413950512400004e-07	6.422227265440003e-07	-0.0007860709999999997	-0.0004400239999999997	1.9362112057599976e-07	6.179076170409996e-07	-0.000121822	0.00014441700000000004	2.085626988900001e-08	1.4840599684000003e-08	0.0	0.0
4530.178100814383	-7.313185572523253	20522513.625098206	53.48268321816226	4815.057828783989	35.69960485805041	1274.4617870209365	23184781.89453398	4715.083345888175	4.565561718490244	20.84435380534359	22232010.958672028	4705.954192552221	3822.553776424643	0.8945870000000001	13.079831	0.05260048000000001	0.0275825	0.09222677619999999	0.017668700500000002	0.0765316011	0.079865486	0.08768003449999999	-0.0669582848	0.0062703737	-0.045999306600000005	-0.07074941259999999	0.1278911293	-0.0595512062	-0.14429121890000002	-0.1242965853	0.1519702639	-0.1607584094	0.0695491568	-0.0672627298	0.19604410239999998	0.1038254014	-0.0078025398	-0.10045282330000001	-0.0348679035	0.028680923799999997	-0.1193591083	0.0107183177	-0.08436846699999999	-0.1058865579	0.0362405775	-0.12012809390000001	-0.0176620681	0.024275072	0.06890983190000001	0.0624259396	-0.0547729267	0.053117793600000004	-0.11268892529999999	-0.0381998847	-0.005320426	-0.0125487419	0.019201599099999998	0.0702052767	-0.0419854044	0.0441946858	-0.0424139687	0.036553296299999996	0.031504062299999996	-0.000267167	-0.0736678097	0.024787015699999998	0.029131886099999997	0.1297292183	-0.058641511699999996	0.04105352	0.1109759635	0.0631218421	-0.0359018158	-0.0009595525999999999	-0.08240133320000001	-0.1496615995	-0.0272862975	-0.0241899652	0.010697934899999999	0.0419036868	-0.0032229151000000003	-0.13567995789999998	0.021455064	0.0114993286	0.10472935900000001	-0.0853640855	-0.116506351	0.03424095	-0.0874121775	-0.0719140435	-0.0222208879	-0.1315705255	0.0086232253	0.0628857044	0.0492013427	-0.0605052329	0.07218601940000001	0.0630930227	0.059420025099999996	-0.0498361529	0.0086626789	0.11719176210000001	-0.0860292166	0.0914736174	-0.0623242244	-0.050503575	0.2522214132	-0.0067139839000000005	-0.008470083	-0.2195714592	0.0392588558	-0.0001679422	0.1423351687	0.0549354897	0.027755996499999998	-0.0008683421000000001	0.121034727	-0.0208347634	-0.1314022829	-0.0218240071	0.0465103656	-0.0959097343	0.015703778999999998	0.0638194639	0.0331003112	-0.053980228899999996	-0.0743022802	0.018997488899999998	-0.11601510970000001	0.012903802399999999	-0.0763323124	-0.0058789446999999995	-0.0660999608	0.064881758	-0.0145875173	0.037063756600000004	0.0559475172	-0.0388877942	0.1159404859	-0.0460026301	-0.028241023900000002	0.030284714	-0.0099321554	-0.0160004786	-0.07025913660000001	0.1218406978	0.0059002903	0.0402604389	0.1563193731	-0.0525388353	0.0317942585	-0.0418574334	-0.0318333725	0.0290635966	-0.045637917199999996	0.0103723352	0.0316859872	0.052576189800000006	0.0246423284	-0.0237031729	0.1033310982	0.11101957529999999	-0.019445667	0.049660981900000005	-0.0514626849	0.0995062311	0.0873138009	0.1419754309	-0.0417789118	0.1454932983	0.0071603116	-0.0671817676	-0.019075970600000002	0.0870188675	0.0335931677	0.0245660166	-0.0821994937	-0.0671156055	0.0474578998	0.09168162210000001	0.0	0.0	0.0	0.0100966	0.006580530000000001	0.00010194133156	4.330337508090001e-05	0.0655404	-1.4000000000000125e-05	0.0042955440321600005	1.9600000000000343e-10	0.156227	0.022346000000000005	0.024406875529	0.0004993437160000002	0.000373036	-7.878200000000006e-05	1.39155857296e-07	6.206603524000009e-09	-0.0005360709999999999	0.0002499999999999998	6.249999999999988e-08	2.87372117041e-07	-0.00026623900000000004	-0.00014441700000000004	2.085626988900001e-08	7.088320512100002e-08	0.0	0.0
4525.047432317329	-5.130668497053193	20476054.264721654	26.323759226654072	4820.436769247055	5.378940463066101	28.933000505209762	23236610.646308985	4713.857490199958	-1.2258556882170524	1.5027221683341032	22220452.43791425	4704.45019595421	3796.4582282970296	0.899583	13.152872	0.07561880000000001	0.0351075	0.0639551619	-0.0468695867	0.0489496078	0.013225218200000001	0.1429417051	0.0491471518	0.0321065143	-0.06447549400000001	-0.0383225316	0.1503839239	-0.0704270726	-0.0069304505	-0.1165159262	0.0182857528	0.0410934865	0.18713713710000002	-0.06652824110000001	0.09888238949999999	0.1097864158	-0.013059516699999999	-0.0252007464	-0.0737088774	-0.039265327999999995	0.1027110569	-0.034399739	0.10885638210000001	0.0128969815	-0.0769127633	0.0922183646	0.030324698100000002	-0.050195334800000005	-0.0470440198	-0.0919883291	-0.0485325216	-0.0178182249	0.17968264579999998	-0.061088379400000004	-0.028586765099999998	-0.0477358416	-0.1811267376	-0.10048539640000001	-0.017026062800000002	-0.08870865039999999	0.1319761206	0.016572725	-0.041006535499999996	-0.0669230948	-0.0604569007	-0.035478312000000005	0.0644412649	0.047814987999999996	0.0467380274	0.0642736171	0.1125394443	0.0684070315	0.0652026077	-0.0752538276	0.0536691463	-0.048603596799999996	0.0703154095	0.1237982058	-0.022404155800000002	-0.0301299269	0.025695942200000002	-0.0197573996	-0.1339538725	0.061701362999999995	-0.098826415	-0.06556597900000001	-0.1078761683	-0.032948454700000004	-0.0450275749	0.029778123599999998	-0.075816023	-0.015264885	0.0163159563	-0.041985995199999994	-0.016439748799999997	-0.060480670300000004	-0.0033115376	0.0215870916	0.012888493700000002	-0.0676503193	0.022234890099999998	0.152169459	-0.07997827490000001	0.0057087305	-0.10316854939999999	0.0788449664	0.0437824107	-0.0466413657	-0.016003501	-0.1545338013	0.044607179000000004	0.0291651744	0.0257561756	0.0128779724	0.05237549440000002	0.0590004493	-0.031810588199999996	0.0946392041	0.2015682218	0.1356804456	0.034496454700000005	0.069936182	-0.0017894632	-0.0895674876	-0.10321164740000001	0.0511810281	0.0989946008	0.0665065379	0.01033996	-0.0333304779	0.0264836971	0.0500122083	0.0634911975	-0.0835263263	-0.1551320684	-0.1171279152	0.0283305811	-0.0204570614	0.0030314432	-0.1461233745	-0.0701920314	0.051490303499999994	0.0683355586	0.0728961278	-0.0399378557	0.1032185135	-0.0710058424	0.0785221749	0.0498176781	0.0689027292	0.0851981924	0.1186338112	-0.0098431539	-0.045753549299999995	0.0766593802	-0.06456379429999999	0.0699431329	0.0770625071	-0.0596469286	0.0366639342	0.0595496328	-0.0424085342	0.1011790417	0.0322856942	-0.0797464954	-0.043305863	-0.017718553	-0.054110363200000004	-0.05634140820000001	0.0610753053	0.062406164000000014	-0.0951291533	-0.0074499327	0.0165825934	0.022611803700000002	0.023266184300000003	-0.08350957769999999	-0.064206665	0.0520323292	0.0897154585	0.0	0.0	0.0	0.00776315	-0.0023334500000000012	6.02664979225e-05	5.444988902500004e-06	0.052812	-0.012728399999999999	0.0027891073440000002	0.00016201216656	0.136235	-0.01999200000000001	0.018559975225	0.0003996800640000004	0.000770768	0.000397732	5.940833098240001e-07	1.58190743824e-07	-0.0007860709999999997	-0.0002499999999999998	6.249999999999988e-08	6.179076170409996e-07	-0.000102672	0.00016356700000000004	2.6754163489000013e-08	1.0541539584000002e-08	0.0	0.0
4511.314385756073	-13.733046561256742	20351957.48712969	188.59656785364564	4849.506447488611	29.069678241556176	845.0461930676047	23517712.78423361	4703.544962581254	-10.312527618703824	106.34822588652919	22123335.21502349	4695.8248344705935	3768.868782012723	0.914573	13.372042	0.05680254500000001	0.0335343	0.0363399538	-0.0657375247	0.0101706118	0.17908390300000002	0.07714485759999999	0.0723951868	-0.07226053860000001	0.0693721172	0.0592313562	0.022111201	-0.0037370759999999998	0.0037370483000000003	-0.11623535439999999	0.060321997599999996	-0.0064586756999999995	0.0765409059	-0.0825063918	0.18330045190000002	0.0800768543	0.001510233	-0.0339953448	-0.09996780429999999	0.0232449902	-0.0095558642	0.094229769	0.060475987099999996	-0.0118875677	-0.0293976589	0.0289714669	0.10344617130000001	0.0296881612	0.103572296	-0.0766247924	-0.0142341967	-0.0541089902	0.1434680781	-0.0834584001	0.0091778187	-0.0676792322	-0.11804802589999999	0.1452070103	-0.0026897298	-0.0200882524	0.002399037	0.0026231575	0.0032153302000000003	-0.0075791674	-0.0254541777	0.026792054	-0.0208972578	-0.0791121346	-0.09023370189999999	-0.11724319539999999	-0.0266242602	-0.0589614262	0.054387165	0.0242721677	0.0313207442	-0.0071287649	0.0756461051	0.0547311271	0.032398349900000005	-0.0551432758	-0.10314696150000001	-0.0089231668	0.1095422013	0.052452486500000006	0.0300896481	0.0289571287	0.0556962199	-0.044957667300000004	0.0033080406	0.078475114	0.0030717203999999997	0.1105865586	0.0419623713	-0.1115363876	0.0228664012	0.0419170806	0.057562746	-0.0987770498	-0.081199733	0.0886567167	-0.07306045309999999	0.027129748999999998	-0.041962280899999996	-0.0156124817	-0.14434304439999998	-0.0325577123	0.0841721979	-0.0236252396	0.0051007716	-0.16265217070000001	0.05671689980000001	0.1153634048	0.07609363150000001	0.056850198899999996	0.12932687710000002	0.0659397907	-0.0755471704	0.0199857655	0.0341834903	0.06251699690000001	0.07279498969999999	-0.0065715325	0.0066823225	-0.007724936	0.0446325216	0.1130636198	0.09316651390000001	0.0797096235	0.0316035444	-0.1393088109	-0.050739060700000005	0.0051748719	-0.1086635051	-0.019616419	-0.1356995334	0.0168417934	-0.0569029206	-0.0001343474	-0.060645147999999996	0.0197898297	0.0684769769	-0.0201166048	-0.045180459299999996	0.0682755349	0.0777284763	-0.0612309403	0.0637376521	0.0351094822	-0.0295190131	0.0290018957	0.011398958700000001	-0.1065228976	-0.0168845189	0.009662567	0.056869814500000004	0.12479223869999999	-0.0353557511	-0.053625569299999995	-0.042721197999999995	0.0437455137	0.05970386530000001	0.06767397530000001	-0.051653448600000006	0.0117548901	-0.1038792445	-0.040087525	-0.060381028899999994	-0.1804691552	0.0302728573	0.0325446443	-0.051096956900000004	0.1743385553	-0.0889447266	-0.0643040101	0.0351064039	0.0219616929	-0.0847527718	-0.061182019800000015	0.0564400834	0.0873003222	0.0	0.0	0.0	0.00562179	-0.00214136	3.16045228041e-05	4.5854226496000005e-06	0.0655846	0.012772600000000007	0.004301339757160001	0.00016313931076000022	0.164353	0.028118000000000004	0.027011908609	0.0007906219240000002	0.000557718	-0.00021305	3.11049367524e-07	4.53903025e-08	-0.0007860709999999997	0.0	0.0	6.179076170409996e-07	-4.03103e-05	6.23617e-05	3.888981626890001e-09	1.62492028609e-09	0.0	0.0
4507.6660132988345	-3.648372457238111	20319052.88744941	13.310621586733651	4781.155204036019	-68.35124345259193	4671.8924815154905	22859445.08508071	4697.700883822428	-5.844078758826072	34.153256539362076	22068393.593866024	4689.522858912208	3708.5751650139055	0.91521	13.381360999999998	0.05898749499999999	0.0332913	-0.0062937034	-0.061981906399999995	-0.021655603399999997	0.1142226851	-0.055627200099999996	0.0264446577	0.0220845035	-0.0084637727	-0.039573093999999996	-0.0766390859	-0.0625044517	0.0186766293	-0.1757064773	-0.029582487799999998	0.0518950501	0.0898851002	-0.0114943379	0.1076709382	0.0344466728	0.0602436966	0.0453589994	0.0405469881	-0.1295609321	0.08743950550000001	0.0505834093	-0.056646610199999996	-0.0011870263	-0.0345049119	-0.074365446	-0.039402868	0.025627566299999998	0.0075358683	-0.1148668483	-0.0514313179	-0.0134065295	0.096944782	-0.025809457	-0.0612524167	0.08756527830000001	0.0497510912	-0.060335173	0.05759755	-0.0742579198	0.025723182799999997	0.1135588359	0.060348317699999994	0.0589621357	-0.0030710044	-0.032451047999999996	-0.0010637952	-0.0357887155	0.05879875740000001	0.1553379972	-0.012375245600000001	0.0466321288	-0.08891654189999999	0.0711099363	-0.0179730755	0.09204666539999999	-0.0028465759000000004	0.0681602675	0.017607049399999998	0.1014148469	-0.0348393123	0.023005418700000002	-0.0654741184	-0.0140645189	0.064970204	-0.10513534349999999	0.08211167679999999	-0.09610274460000001	0.0941930409	-0.0038386968	-0.0520603626	-0.060953599800000015	0.0599763808	-0.0653360224	0.056212168099999994	0.045376505	-0.0733728833	-0.023668935699999998	0.0046374886	0.0555055789	-0.025307653	-0.068193558	-0.0659629474	-0.041012895099999995	-0.1632374508	0.10833408119999999	0.006150143	0.0280511382	-0.033454931800000004	-0.1472199799	0.022930922799999996	0.0414662379	-0.011338404199999999	-0.1303766368	-0.05757377740000001	-0.0417485693	-0.0901069152	0.0849389716	-0.0023716066	0.025804670099999996	-0.0165985699	-0.05671633490000001	-0.005981738	-0.0232861606	-0.09869663320000001	-0.0376683201	0.0639496216	0.1051888881	-0.0313076947	0.050321895199999994	0.1044699804	-0.058843459800000004	-0.0336789877	-0.023104547000000003	-0.015663913600000003	-0.0332990626	-0.038516083300000004	-0.0609494457	0.10409454900000001	0.0596769396	0.0080529615	-0.018893471000000002	0.0398020968	0.0259164827	-0.0014592174	-0.0933656785	-0.163028385	-0.0237568346	-0.039843353	-0.1251942866	0.0214583681	0.0353325992	-0.0862347782	-0.009309468100000001	0.045271373200000006	-0.0050295024	-0.0005771181	0.0066123174	-0.036166724500000004	0.0483725303	0.0411964041	0.0462928424	0.09356265400000001	-0.0004844625	0.2212643989	0.0444800948	-0.0150852906	-0.0701153498	-0.09493104	0.0136828076	0.0700132268	0.0403133675	-0.0630479734	-0.0002919814	0.0151991554	0.0206528034	-0.0859280801	-0.0580471204	0.060667043	0.08444829960000001	0.0	0.0	0.0	0.0076146	0.00199281	5.7982133159999996e-05	3.9712916961000015e-06	0.06569610000000001	0.00011150000000000049	0.004315977555210001	1.243225000000011e-08	0.16705599999999998	0.0027029999999999828	0.027907707135999996	7.306208999999909e-06	0.0009502340000000002	0.0003925160000000002	9.029446547560005e-07	1.5406881025600017e-07	-0.000320913	0.0004651579999999998	2.1637196496399976e-07	1.0298515356900001e-07	-0.00026624	-0.0002259297	5.104422934209001e-08	7.08837376e-08	0.0	0.0
4505.075360737408	-2.590652561426396	20295704.005923286	6.711480694025143	4762.723408048803	-18.431795987215988	339.7311033143515	22683534.26157601	4694.380851836627	-3.3200319858015064	11.022612386745093	22037211.582090374	4685.301482144114	3679.7639502622505	0.8283530000000001	12.111423	0.04899892	0.0313348	-0.0238767897	-0.0327828757	-0.010566038500000001	0.08394723550000001	-0.0710880936	0.1591891064	-0.0378276252	-0.0330343237	-0.009994595600000001	-0.1407352965	-0.0287249075	0.0180348191	-0.1904813126	-0.055568356299999996	0.0123545634	-0.09753499130000001	0.023556651499999998	0.0248178859	0.0544482125	0.0360122419	-0.0502094512	0.0738563204	0.0606277192	-0.091711186	-0.0431930213	0.0727182786	-0.07466453099999999	-0.058157715199999994	0.002167169	-0.011288288899999999	-0.0360700119	-0.07411516559999999	0.0096806176	-0.0074723323	-0.0181324195	-0.0158299277	-0.0026714548	-0.073111512	0.0004495075	-0.0763874527	-0.08850639	-0.0904116324	-0.06210220690000001	-0.04236847059999999	0.09002021	0.21347168030000002	-0.0834301008	0.14439905050000001	0.0614369958	-0.0155482126	-0.1243109616	-0.07497211940000001	-0.0551199541	-0.06368941360000001	0.0211566781	0.047635953200000004	0.0367660567	-0.019845828200000002	-0.0148967953	0.0015572792999999998	0.045587557	-0.044214472000000005	0.05116832809999999	-0.0266335121	0.0388994798	0.06598459940000001	0.0183287661	0.10197411210000001	-0.0902718264	-0.055367058399999995	-0.0205171575	0.1757058543	-0.05142339519999999	-0.058620886500000004	-0.0016414581	0.051110214	0.0431184367	0.062419836799999996	0.0173334273	0.0176783864	-0.131207264	-0.0752464959	0.012759739099999999	-0.053802064299999994	-0.1355547195	-0.0295163748	-0.0279327496	-0.161075796	-0.0081271461	-0.0160285145	0.1490523164	-0.0062623616	-0.035896968	-0.0085886503	0.0423025067	0.0151444628	0.0519024069	-0.07104946150000001	-0.0299316167	0.08347414389999999	-0.0518694527	0.0264911339	0.127574338	0.038099029	-0.0010325238	-0.0073263982	0.0101102623	-0.044800649500000005	-0.0471632286	0.0023770022	-0.0565489641	0.01295002	-0.0175706375	0.015382193899999999	0.10340679009999999	0.1425449863	0.038092501	-0.0472716126	0.068757068	-0.25568066850000004	0.12469118800000001	0.0975142542	0.07771688110000001	0.0619217593	-0.0779966184	-0.028258150299999996	0.0390195029	0.046170408600000004	-0.06353433480000001	0.0088137648	0.0068931795999999995	-0.052067216799999996	-0.0190616304	0.0418607904	-0.0003781712	-0.1011539586	0.0103931546	-0.0804483085	-0.037787751800000005	0.11863902779999999	-0.0690219154	-0.0039998978	-0.011424346200000001	-0.044852666	0.0991971732	0.0692806896	0.0688679757	0.0752894154	0.0480252204	-0.03573056	0.0315159804	-0.0312276729	0.031071000499999998	-0.0362591323	0.022278222200000003	-0.10115863630000001	-0.0585174022	0.0071213844999999994	0.0193397782	-0.08703456119999999	-0.0548076162	0.06469966769999999	0.0811736633	0.0	0.0	0.0	0.00473988	-0.00287472	2.24664624144e-05	8.2640150784e-06	0.0656446	-5.150000000000987e-05	0.00430921350916	2.652250000001017e-09	0.16478199999999998	-0.0022739999999999982	0.027153107523999995	5.171075999999991e-06	0.000834436	-0.00011579800000000017	6.96283438096e-07	1.3409176804000042e-08	-0.0008939719999999998	-0.0005730589999999999	3.283966174809999e-07	7.991859367839999e-07	-7.912300000000001e-05	0.00018711700000000002	3.5012771689e-08	6.2604491290000006e-09	0.0	0.0
4506.417451055746	1.342090318337796	20307798.243179765	1.8012064225760465	4735.4807095852775	-27.24269846352581	742.1646195745917	22424777.550854284	4698.299906702776	3.9190548661490534	15.358991043886578	22074022.01332331	4688.816650625719	3660.0369875679653	0.8494009999999999	12.419165	0.041354330000000016	0.0232778	-0.0413206011	-0.0148639225	-0.021389971299999998	0.0999754357	-0.08254544059999999	0.008190699899999999	0.038733385	0.06441107410000001	0.0021180726	-0.10724394039999999	-0.03409078	-0.0263048961	-0.060898480899999996	-0.0461084137	-0.08771815949999999	0.027798111	0.0125099886	-0.022739013199999998	0.042240485999999994	0.12255652310000001	0.0130623354	0.1172171372	0.0087411694	-0.117294044	-0.052666408399999996	0.0068815604	-0.0072793423	-0.070190746	-0.030296803100000002	0.0594439196	-0.0762077157	-0.11780404300000001	0.1035593415	-0.12487250679999999	0.0200344243	-0.0201188694	0.024511856000000002	-0.0367830206	0.0377764618	-0.0522986493	-0.12132320529999999	-0.033869611699999996	-0.0215821892	0.008747788900000001	-0.0331273863	0.0975521089	0.0690609104	-0.021536704	0.0813234234	0.0250056518	0.0554311063	0.0165629329	0.0383026022	0.0604277603	0.036133995499999995	-0.1495225201	-0.0336151613	0.0496312053	0.0697259145	-0.0244856902	-0.1045432128	-0.0006432272	-0.061882913899999996	-0.011500303100000001	-0.0687825053	-0.0632917062	0.0468712908	-0.1422407647	-0.025077970800000002	0.0644503404	0.0150328603	0.0183097408	0.033826361400000005	0.0749920305	-0.0420410631	0.0415969971	0.0196362515	-0.0542809981	-0.0814820238	-0.0225748875	0.0491696738	-0.0864128919	-0.043933167800000006	-0.0597281851	-0.10923186970000001	-0.0336404639	-0.0001365867	-0.070998302	0.0458515394	0.0705893928	0.0235854073	-0.0376675639	0.0551042638	-0.005647839599999999	0.045317525	0.0387096832	-0.0115783955	-0.120223805	-0.12979657890000001	0.0882140744	-0.0442914608	-0.022887181099999997	0.0726170582	0.0380907988	0.0395234722	0.1044549413	0.0846765407	-0.0627200456	0.032562243500000004	-0.0467436586	-0.0666263693	-0.0350900139	0.1263140682	-0.0065453459	0.0344590551	0.0876895121	-0.027201888900000002	-0.049842049000000006	0.015902851699999998	-0.052770260199999995	-0.0434819311	0.0695152372	-0.0017524112	-0.0494995372	0.1324089473	0.0080841632	0.0259490821	-0.026531547000000003	0.1287812989	0.006676726500000001	-0.057682467599999995	-0.06119416990000001	-0.1196969562	-0.1358220488	0.0807544219	0.0580845938	-0.007011234399999999	-0.018994575	-0.0109724514	0.0518084757	0.0120929271	-0.0338226277	-0.0081434564	0.0388022767	-0.10362151619999999	0.0134155404	-0.0329391998	-0.0313048478	-0.0115945268	0.0576662092	-0.0581161547	-0.0178934015	-0.1218712393	-0.0037198775	-0.0177297821	-0.1150883407	0.0032535503	0.0749174465	0.0180228799	-0.08807132890000001	-0.051469345	0.0685250399	0.077492801	0.0	0.0	0.0	0.00552051	0.00078063	3.04760306601e-05	6.093831969000001e-07	0.0713928	0.00574820000000001	0.005096931891840001	3.3041803240000105e-05	0.172471	0.00768900000000003	0.029746245841000007	5.912072100000045e-05	0.000442446	-0.0003919900000000001	1.9575846291600002e-07	1.5365616010000006e-07	-0.0007860709999999997	0.00010790100000000021	1.1642625801000043e-08	6.179076170409996e-07	-0.000121962	-4.2838999999999994e-05	1.835179921e-09	1.4874729444000002e-08	0.0	0.0
4504.902743218288	-1.5147078374575358	20294148.72585566	2.2943398328552846	4721.761861432682	-13.718848152595456	188.2067946339717	22295035.076080225	4704.345237623278	6.045330920502237	36.546025938380424	22130864.114748813	4694.11725002492	3675.831207062057	0.893008	13.056748	0.06563313000000001	0.0341134	-0.042674769	0.0024793065	-0.0060498643999999996	0.0070787302	-0.0627638526	0.11579059779999999	0.0182808604	0.012891315	-0.1384216558	-0.0316680068	-0.015047846	-0.0841364406	-0.0390773246	-0.06960202389999999	0.07456965389999999	0.0481995497	-0.0374225905	0.0098282883	0.1414662797	0.0857188282	0.0310708133	0.042328953200000005	0.07686349440000001	0.0119584124	0.0200679008	0.07627200769999999	0.0065426684999999995	0.0395460052	-0.09876061960000004	0.0533691688	-0.0787103131	0.0139033203	0.0040335936	0.0075266893	0.12799665359999998	0.0510417784	-0.0083809258	0.0586385122	0.0076876586	0.0572322755	0.010840636	0.0315605062	0.0817805777	0.0046624989	0.1170910431	-0.0828190367	-0.08982508	-0.10524930380000001	0.1206849062	-0.029297566	0.0191608337	0.08649043460000001	-0.0183212226	-0.0341099114	-0.0001481922	-0.0137703394	-0.0704988656	-0.1036524536	0.0436861233	-0.1296270325	0.0220363335	-0.1564055191	0.1039334985	-0.012356892900000001	-0.0081973498	0.1020462714	-0.0279597667	0.059613728399999996	-0.0072147448	-0.1013597542	-0.0007290964	-0.005740330300000001	0.0620060092	0.1454165242	0.0409740374	-0.0508768578	0.0086921101	-0.0884096996	0.0817891411	-0.1685693694	0.0373921479	-0.0041581855	0.0951960558	-0.0416670789	-0.0426393674	-0.0154390253	0.0677013655	-0.0341779962	0.0835733051	-0.031078268	-0.0089888438	0.0177565209	-0.0388000321	0.013480033600000002	0.1809379947	-0.0077932981	0.0687027273	-0.0760506288	0.0079617869	0.0128229201	-0.0022226859	0.0660094685	-0.0243155338	0.021134322	-0.09754715470000001	0.0974898708	0.010614206499999999	-0.050089368200000005	0.06191797230000001	-0.0754992132	0.0506094843	-0.0339196177	-0.09526053429999999	0.0191080535	0.0163064134	0.0016722875	-0.0422064274	0.060735286	-0.0780620688	0.1355048967	0.077684586	0.0845261957	0.0192142962	0.0339041513	0.0794445391	-0.06994861990000001	-0.0721174328	-0.0424250105	-0.0328265964	-0.0406448719	-0.1308225671	0.026894137599999996	0.0045692217	0.0627392538	0.0564858421	-0.11051564	0.1621318554	-0.1107443169	0.0381414748	-0.0014661631	-0.0846266099	0.0251707779	0.0189960003	0.0074147983	0.0797442924	0.008828983	-0.0174463801	-0.08112837690000001	-0.0090320345	-0.00021127439999999998	-0.0299809818	-0.040228105	-0.19686646870000002	-0.059249663	-0.0393703777	0.054855068	0.0262767553	0.0731007345	0.0167023725	-0.08903755279999999	-0.0480383225	0.0721309058	0.0734241332	0.0	0.0	0.0	-0.00043832	-0.00595883	1.921244224e-07	3.55076549689e-05	0.0411597	-0.030233100000000006	0.00169412090409	0.0009140403356100004	0.16566199999999998	-0.006809000000000036	0.02744389824399999	4.63624810000005e-05	0.000623036	0.00018059	3.88173857296e-07	3.26127481e-08	-0.0007860709999999997	0.0	0.0	6.179076170409996e-07	0.000150092	0.00027205400000000003	7.4013378916e-08	2.2527608464e-08	0.0	0.0
4499.767199241649	-5.135543976639383	20247904.847371034	26.37381193599705	4775.848262776028	54.08640134334564	2925.338810273461	22808726.6290608	4708.398460597212	4.053222973933771	16.428616476424526	22169016.063754193	4697.236077825464	3643.109957863595	0.894143	13.073334	0.08391827999999997	0.0422339	-0.057500255199999996	0.0139255801	-0.0402417916	0.030096799900000002	0.0638103736	-0.011954225700000001	0.09804891269999999	-0.0084525287	0.0291915124	0.027390208500000002	0.0207194858	-0.0916870748	-0.0582970429	-0.0043835229	-0.0168275892	-0.050576062000000005	0.014755706499999997	0.08133265070000001	0.0773139761	0.0160314822	0.0682081375	0.051867889800000004	0.0756182969	-0.0020214791	0.1284033364	0.1013120154	0.0006510251999999999	0.0832948512	-0.1055659342	0.1544871613	0.1184930522	-0.0011459479	0.0351689922	0.1764589584	0.0009224547	-0.030423375699999998	-0.005843630799999999	0.0584173483	-0.0744101138	0.0805834127	-0.1232454464	-0.0456969053	-0.0080522317	-0.0532752103	-0.1049320295	-0.0942944649	0.1079518179	-0.1260427308	-0.022876118900000002	-0.0021011249	-0.12558884650000002	-0.0603981424	-0.1474096164	0.0124640602	-0.1256852093	0.0329131895	0.017740658899999998	0.032327341	-0.0494268817	-0.06897690769999999	-0.0797144271	-0.0271084027	0.0972261742	0.0670311005	0.0019196488	-0.05814989230000001	-0.0590204645	-0.1342786198	-0.015018711799999999	-0.051991393899999995	-0.08871360699999999	-0.052204155	0.0498228346	0.1121201559	-0.0088851317	0.0104181162	-0.0270751574	-0.0856347118	-0.0122193161	-0.1046274425	0.028229620499999997	-0.0644726997	0.053516456500000004	-0.0190653828	0.0069292226	0.0008887486	0.10847920929999999	-0.0426789118	-0.0678722454	0.0342595639	0.0388575737	0.0352973346	-0.0245538992	-0.0241552752	0.1805060852	-0.0384134854	0.0721645928	0.0405345799	-0.05860190360000001	-0.0432623103	-0.0326005963	-0.008695719499999999	-0.0933971024	0.0753314595	-0.0513915981	0.0041937929999999995	0.1603282338	0.09340713140000001	-0.10672877630000001	0.0442652186	0.025942214900000003	0.1304772216	-0.1358394947	0.0593686814	-0.0137201074	0.1082562359	0.0995359381	0.044149433499999995	0.008121270699999999	0.12742762859999998	-0.0610335496	-0.13355974880000002	-0.0179119383	0.08062062219999999	0.11460117210000001	0.0147861195	-0.0470764129	0.1140509627	-0.045637504100000004	0.09981339980000001	-0.004553848	0.016885583500000002	0.0521005408	-0.1074019666	0.01658266	0.0088748802	0.0415623804	-0.056137615099999996	-0.0177885025	-0.0575403747	0.1319747958	0.0337845854	0.063887867	0.0492282145	-0.0416438852	0.0980955952	-0.0726172063	-0.06563432849999999	0.0702086278	-0.019040365400000002	0.0116835081	-0.0435056282	-0.1993182051	0.0160854423	0.015298862199999999	0.0372268296	-0.0030141407	0.0596378831	0.0153785204	-0.0899324588	-0.0445207318	0.0755057146	0.0689880212	0.0	0.0	0.0	-0.0024076	-0.0019692800000000003	5.796537760000002e-06	3.878063718400001e-06	0.07473209999999998	0.03357239999999998	0.005584886770409997	0.0011271060417599988	0.163102	-0.002559999999999979	0.026602262404	6.553599999999893e-06	0.000373036	-0.00025	1.39155857296e-07	6.25e-08	-0.0005360709999999999	0.0002499999999999998	6.249999999999988e-08	2.87372117041e-07	-0.00026624	-0.000416332	1.73332334224e-07	7.08837376e-08	0.0	0.0
4504.7448798469395	4.977680605290517	20292726.432507213	24.777304208285354	4763.221402536739	-12.626860239288364	159.43759950252138	22688278.129584067	4709.248956226439	0.8504956292272254	0.7233428153346141	22177025.731719807	4697.493357654646	3628.415329990116	0.923636	13.504557	0.06571488999999997	0.0351814	-0.0870560111	0.0428852773	-0.007096438	0.0259971113	0.0086029448	-0.1285289234	0.1442922684	0.0206554779	0.00015311629999999998	0.0509186608	0.0072142436	-0.0709008418	-0.022259288500000002	-0.0422491133	0.057578190700000004	-0.0320979873	0.0364561024	0.1460669756	-0.03235665	-0.012079804199999999	-0.1574611274	0.0356091135	-0.0525279609	-0.0668453826	0.0088470497	0.0600340026	0.1712350148	0.0825324277	0.0278947841	-0.0645825403	0.0361253973	-0.0190798703	-0.10782039859999999	0.045625760700000004	-0.0090498478	-0.1179305026	-0.0381788763	0.022683118199999998	0.0065066644	-0.0154676081	-0.0265542176	-0.0153863848	-0.06476239639999999	-0.046432082199999995	0.0427209904	-0.032068263799999996	-0.014524651100000001	0.0900297437	-0.09791297619999999	0.056510638099999996	0.0784426694	-0.11541915259999999	-0.1083044814	0.0938214908	-0.010137462600000001	-0.0528306123	-0.0728707654	0.13839000710000002	-0.08908824439999999	0.11878003779999999	0.0090282227	-0.0250205517	0.08508589999999999	0.0611656124	0.0379858693	0.0645327781	0.0417093078	0.0288877333	-0.0418845265	-0.036443228599999995	0.0036679840999999996	-0.0996714922	0.0981413878	0.0193486437	0.0956579146	-0.06248160320000001	0.0051571372	0.038792685	-0.0080494656	0.014623532	-0.0683504759	-0.08648093189999999	0.0742934058	0.0791647887	0.0337617675	0.012907852099999999	0.10058799410000001	0.0043998883	0.0711636113	-0.0398216923	0.07566893	-0.0089835077	-0.1173033565	-0.0153748099	0.0129454997	0.1180734884	0.11841955650000001	0.0589394463	-0.1306769831	-0.0629956352	-0.0187833703	-0.0157780521	-0.0848392761	-0.1518111415	0.021138635299999996	-0.0517129477	-0.0636790196	0.03256233	-0.10872135320000001	0.0050128292999999996	-0.0691601187	0.011429928	-0.0424978563	0.012666949399999999	-0.0664669072	0.0296298244	-0.0342622759	-0.0331821877	-0.0471352508	-0.031230919700000002	0.040985048999999996	-0.0320391224	-0.0010058995	-0.1094042885	-0.0891230244	0.0628043441	0.063286423	0.029633194100000006	0.0496215699	0.15839037820000001	0.1569543078	-0.0699480055	0.0301683078	-0.0259546825	-0.1137791414	-0.10347422699999999	-0.0576394111	-0.0775586635	-0.025690538	-0.0359821329	0.0236361489	0.0048504143	0.0616666448	0.11858348839999999	0.1007564817	-0.0083309936	0.0028724353999999997	-0.10189201710000001	-0.0727922761	-0.0244784364	-0.002288562	0.0934493747	-0.0876501776	0.021812002900000002	0.0386633479	-0.0124998325	-0.0932140981	-0.2131359731	0.014051588600000001	-0.0907553302	-0.0409229116	0.0786386558	0.064206665	0.0	0.0	0.0	0.00070554	0.0031131400000000004	4.977866916e-07	9.691640659600002e-06	0.0489712	-0.025760899999999986	0.00239817842944	0.0006636239688099991	0.153561	-0.009540999999999994	0.023580980721	9.103068099999988e-05	0.0008575749999999999	0.0004845389999999999	7.354348806249998e-07	2.3477804252099986e-07	-0.000474613	6.145799999999991e-05	3.7770857639999886e-09	2.2525749976900006e-07	-0.00026624	0.0	0.0	7.08837376e-08	0.0	0.0
4507.162189952759	2.4173101058195243	20314511.00653975	5.843388147697201	4772.500299833037	9.278897296298057	86.09793503524736	22776759.11190643	4704.56438872767	-4.684567498768956	21.945172650522434	22132926.08768456	4691.417123062264	3639.4146243579016	0.854425	12.492617	0.10598929	0.0481691	-0.08356780009999999	0.06523170910000001	0.0102717188	-0.1257505136	0.046280700999999994	-0.0171220622	-0.0325906281	0.0892510672	-0.0141600986	-0.0102701127	0.056674618499999996	-0.06587447839999999	-0.0386784269	0.037535457700000004	0.17715163739999998	-0.1067098629	0.014809230900000001	0.0260016196	-0.011173406299999999	-0.1568515092	-0.0223082375	-0.0168221812	-0.0323892936	-0.0937128881	-0.0281296545	-0.022286748999999998	0.056490910400000004	-0.003597077	0.042023616500000006	-0.0230239068	-0.1432278062	-0.0337316521	-0.0320389753	0.0528825142	0.0488060517	-0.12106115869999999	-0.09694131380000001	-0.07258150440000001	0.022588383599999998	0.0198137067	0.0279654565	0.0439509982	-0.004011357	-0.0396304271	-0.08868981210000003	0.009746402099999999	-0.1227495758	-0.1527337648	0.0026158593	-0.0032201553000000003	-0.0625011167	0.020364655	-0.0817191666	0.0009552107000000001	0.0123004958	0.056633190099999994	0.061855474699999996	0.09892892269999999	-0.08548781119999999	0.032149187999999995	-0.0401254887	-0.0085229983	-0.032740817900000004	-0.0679880587	0.1270365127	0.0583161528	-0.0589386975	-0.0090404485	-0.0295047306	0.0017452320000000002	-0.033288896899999997	-0.0256857557	-0.1093022948	-0.039178979100000004	-0.07740889940000001	0.07906701740000001	-0.0953314367	-0.1346839223	-0.0050626246	0.0358501197	0.2209219601	0.0641507414	0.094754837	0.0303783325	-0.0238136448	0.07027268639999999	0.0971789186	0.0123526141	-0.0728163381	-0.1506907307	0.038465404700000004	0.06293529219999999	-0.10843070560000001	-0.0190044908	-0.0691105549	-0.05914649900000001	0.0587853246	0.09597289560000001	-0.0172371391	0.059777773099999994	-0.0034887018	-0.0066750376	-0.0038887016	-0.0632326939	0.0592956235	0.1412007315	-0.0894474934	0.0116921573	-0.095378985	-0.0304229715	0.010154169499999999	-0.09267301210000001	-0.010654006	-0.0186923748	-0.011790698600000002	-0.0038947207	-0.08262245559999999	0.053796332599999996	0.0021144179000000003	-0.060685499299999994	0.0932708461	-0.0554613468	-0.159292883	0.0368280198	0.10316528929999999	-0.0478795009	-0.06826791980000001	0.10958116679999999	-0.10103534410000001	0.035291054100000004	0.0824351322	-0.036508559100000004	0.0074516313	0.0364856599	-0.0498621602	0.0320399325	-0.020987176099999998	-0.0063700555	0.023635586899999998	-0.02084107	-0.046095194900000004	-0.005449515500000001	0.13716288210000002	-0.0662343067	-0.0077174417	0.0030444253999999996	0.08841781550000001	0.007195162	0.1657013075	0.0570596228	-0.029838554700000002	-0.1165661122	-0.0817890301	-0.0586500979	-0.06711271469999999	0.0772933004	-0.1155793281	-0.0338288094	0.0127218428	-0.0915055078	-0.0372513456	0.0815196937	0.059103992599999995	0.0	0.0	0.0	-0.011958	-0.01266354	0.000142993764	0.0001603652453316	0.06552180000000002	0.01655060000000002	0.004293106275240002	0.00027392236036000064	0.170494	0.016933000000000004	0.029068204036	0.00028672648900000017	0.000134102	-0.0007234729999999999	1.7983346403999998e-08	5.234131817289999e-07	-0.0007860709999999997	-0.0003114579999999997	9.700608576399981e-08	6.179076170409996e-07	-0.000104328	0.000161912	2.6215495744e-08	1.0884331584e-08	0.0	0.0
4514.224262033609	7.062072080850157	20378220.68793288	49.87286207512327	4760.494432720271	-12.005867112766282	144.14084512940295	22662307.243960693	4703.614931175502	-0.9494575521684964	0.9014696433697932	22123993.42077712	4691.474058646781	3670.2489825931207	0.927417	13.559845	0.04997610450000003	0.0280248	-0.058128917599999996	0.0671446433	0.0177228609	-0.030821738900000006	0.015160984099999997	-0.1068016253	0.08159707570000001	0.0187327846	0.015314928200000001	-0.019064278799999997	0.0676893663	-0.1052290317	-0.0409566047	-0.0157556622	-0.0490082244	0.041149632	0.05718352030000001	0.1075807455	-0.1020922911	-0.08406713119999999	-0.0964735488	-0.0273777641	-0.13396509939999998	-0.010867901999999999	0.0644830108	0.012391156399999999	-0.041424258	0.014534566399999999	0.0657582233	0.08089108610000001	0.0275886711	-0.0387535522	-8.96508e-05	-0.0583232178	-0.0356397506	-0.051013212800000006	0.0981848474	0.13303518220000002	-0.0479149611	0.051959749000000006	-0.0827727056	0.029584651400000002	0.0893312949	0.0159340847	-0.0596141534	-0.104548469	-0.08088774209999999	0.016868063500000002	0.0519299414	-0.0765031808	-0.0336997619	-0.0187042	0.0162375898	-0.0612901331	0.0795509535	0.0370558522	-0.0068119037	0.1109208125	0.0201569843	0.1130358177	0.11815527449999999	-0.0887974797	-0.009743437800000001	-0.18622165780000002	-0.0342770893	-0.023040143199999998	-0.053455541100000004	-0.1250986615	0.1555650067	0.1375099986	0.061228968099999996	0.0520441188	-0.0113788605	0.0142708491	0.1505584864	0.0737195925	0.013194585	0.0488770586	0.0434370678	0.0771310033	-0.0145798283	0.0047897684999999995	0.1125181397	-0.0823864002	-0.0206611541	0.0731326251	0.0660836635	0.0031144688	0.039741314300000004	0.0902402226	0.040980426	0.0030193	-0.11520551050000001	-0.0437936998	-0.1137843169	0.0536786275	-0.0064264799	0.1148910492	-0.1027422592	-0.0646510778	-0.0015565482000000001	-0.0163243104	-0.0646745213	0.1243211558	-0.01399621	-0.0744860918	-0.0045256256	0.0251688264	0.03645413	0.027146970899999998	-0.1538698284	0.0233691039	0.0302570561	0.0205030916	-0.047387745	0.09291818630000001	-0.0276895473	0.0643039673	-0.051504240300000004	0.0579168241	0.0672397614	-0.1028681432	-0.0028662578000000004	0.026160916099999997	0.0193664261	-0.0301185423	0.0014579506	-0.0600209554	0.0408760487	-0.1055449533	0.0340156916	-0.1317332862	0.0761036946	0.1058843815	-0.0715904208	-0.0686467298	0.10687929970000001	0.1443968762	0.1512482649	0.052259380700000004	-0.0587747771	0.048530456799999996	0.0622920359	-0.11697370289999999	-0.188225643	-0.0898314633	-0.0259050578	0.022098750299999997	-0.0640793143	-0.0420005527	-0.0380537944	0.021594339900000002	0.008151099200000001	0.025506663	0.0993214742	-0.066751838	-0.11372050480000001	0.0675348818	0.011389549399999999	-0.0921823909	-0.0335126502	0.0841395995	0.05370553980000002	0.0	0.0	0.0	0.00782477	0.01978277	6.12270255529e-05	0.00039135798887289985	0.0654877	-3.4100000000023e-05	0.004288638851289999	1.1628100000015686e-09	0.16126	-0.00923400000000002	0.0260047876	8.526675600000036e-05	-4.46459e-06	-0.00013856659000000002	1.99325638681e-11	1.9200699864228104e-08	-0.00104164	-0.0002555690000000002	6.53155137610001e-08	1.0850138896e-06	-7.99589e-05	2.436909999999999e-05	5.938530348099997e-10	6.39342568921e-09	0.0	0.0
4515.212560809471	0.9882987758619493	20387144.469291624	0.9767344703702274	4743.862616809933	-16.631815910338446	276.6173004753871	22504232.527166784	4705.44409957331	1.8291683978086442	3.3458570275418413	22141204.17420928	4692.998345016727	3692.0221728756533	0.958101	14.008481	0.09449890449999998	0.0552238	-0.05485762190000002	0.0669779355	0.0455972635	-0.1293325037	0.0367881382	0.0391915588	0.009508893000000001	0.08442626810000001	-0.05288411480000002	0.0200479532	0.0950898584	-0.0443486183	-0.011268382	-0.0732675651	0.10338071230000001	-0.0388565532	-0.0089111862	0.07955739740000001	0.0249448805	0.0049950515	-0.1009247134	0.0719019006	-0.0497177316	0.0435990384	0.060374339699999995	-0.1067966701	0.0682094164	-0.0908361754	0.1317769766	-0.0490121563	-0.028349944199999998	-0.11873007619999999	0.019306815300000002	-0.0097168859	-0.1700331514	0.05457946809999999	-0.0016143175	-0.1295474759	-0.031460509	-0.0194057215	0.0790534468	-0.0005594701	0.0520457048	0.0651313566	-0.0369225954	0.0383436912	0.023221741	-0.020919056999999998	-0.009454535	-0.017314131599999998	0.005799299	0.0126668915	-0.018019086599999998	-0.0720875541	0.08675310779999999	-0.0956189125	-0.0415252043	-0.1671254868	0.1331416705	-0.030788775299999998	0.0312231395	-0.0392607867	-0.0307823638	0.0695604107	-0.0453226334	0.1436706562	-0.0493572064	-0.022495004199999998	0.069715153	0.0393234799	-0.10229009509999999	0.0014755439	0.0601743789	-0.0329406902	0.0161044188	0.0438895431	-0.044143643499999996	-0.0649259528	0.022563495	-0.0725516022	-0.06457489	0.0746954944	-0.0280059024	0.1800774427	0.0174424882	0.10795609980000001	0.06725609269999999	0.041855022900000004	0.0490731301	-0.09907800130000001	0.1008479818	-0.040126671600000004	-0.11700351619999999	0.023327186099999998	-0.03849841	0.029862338999999998	0.0439609098	-0.09902992890000001	0.024362164199999998	-0.0407809698	0.16894516559999995	-0.0448305777	0.1092423045	0.0011319308	0.1808774518	0.0662603638	-0.023847918500000002	-0.0238548084	-0.0061345356	0.0705823519	-0.0441556128	0.026998747200000003	0.084284445	-0.0683135359	0.0160323072	-0.0981344541	0.020899113400000002	-0.0005936972	0.019277304	-0.00028901889999999997	0.027533991299999998	0.0312264105	-0.0014843726999999999	0.1084484339	-0.0213353092	-0.0184224107	-0.034756736	-0.0663844215	0.0314609595	-0.0299312964	-0.1694312973	-0.0776851522	-0.0329887519	0.023687105400000002	0.0191068629	0.0060510969	-0.0457927049	-0.0243969205	-0.017454721399999998	-0.1328058298	-0.1187471351	-0.0293046044	-0.0021549045	0.034171879700000005	-0.0734975064	0.0200612469	-0.10302027130000001	-0.0837717528	-0.0354758964	-0.064420528	-0.09585583519999999	-0.052400765	0.0286502771	0.0684073808	-0.0675334143	0.0213862904	0.0686827295	-0.0933469629	0.0100549752	-0.0927854371	-0.0297135627	0.0864899808	0.0480383225	0.0	0.0	0.0	0.007588949999999999	-0.00023582000000000122	5.7592162102499975e-05	5.5611072400000547e-08	0.0656631	0.0001754000000000061	0.004311642701609999	3.076516000000214e-08	0.143824	-0.017435999999999983	0.020685342976	0.00030401409599999926	0.000564513	0.0005689775899999999	3.1867492716900003e-07	3.2373549792220806e-07	-0.000263865	0.0007777749999999999	6.049339506249998e-07	6.9624738225e-08	-0.00026624	-0.0001862811	3.4700648217209993e-08	7.08837376e-08	0.0	0.0
4512.170182669185	-3.0423781402860186	20359679.757368866	9.256064748490212	4781.758197361774	37.8955805518417	1436.0750253611234	22865211.45803653	4703.231435233459	-2.212664339851472	4.8958834808503475	22120385.93336818	4691.333824576796	3678.183158280612	0.942883	13.785975	0.06037054999999999	0.036691900000000006	-0.063087558	0.0430114525	0.0733908027	-0.0247522387	0.0197611366	-0.0396534714	-0.016838762900000002	0.0330485515	0.0519236745	0.0054487721	0.0847436565	-0.0485794957	-0.08146301610000001	-0.0421861855	0.0010177021000000001	-0.0528696927	-0.1311201432	-0.0475798861	0.0276462188	0.0701884589	0.0184055289	0.0837983963	-0.0547610834	-0.0419024644	-0.0216181873	-0.0856746698	-0.0395210145	-0.1109355474	-0.0604501516	-0.019722026299999997	0.0412259725	-0.1350177219	-0.08076257519999999	-0.0386434576	-0.07844803110000001	-0.0946186131	-0.056460015	0.1255248764	-0.07703637990000001	0.0742636044	-0.0930673586	-0.0079828168	0.0795006685	0.0584084705	0.0157644909	0.0089014719	0.0946138642	0.09452946359999999	0.0666100773	-0.0540548026	-0.1035276125	0.1173413277	-0.1087786809	0.0512032959	0.0181047267	0.029150949300000006	-0.079966551	0.011001266599999998	0.018053986100000002	-0.0690857071	0.09165558970000001	0.0215429246	0.0811448716	0.025172302400000002	-0.0261652463	-0.1229850631	-0.17514207059999998	-0.0013566821	0.0341529521	-0.07767499509999999	0.0313129455	-0.09141950160000001	-0.1030508199	-0.05881819980000001	-0.0463889738	0.031792585299999995	0.0410008209	-0.0277092777	0.003607757	-0.0070786932	0.080712765	0.1070050185	-0.0187817223	0.0383615796	0.0111487036	0.0963346618	0.0244318539	-0.0435310995	0.0014054707999999999	0.050916263499999996	0.0639882637	0.1251662495	-0.0045397082	0.100476919	-0.0124929096	0.0063863120999999995	-0.0978106257	-0.0712442822	-0.0672255774	-0.03008276	-0.045818053	-0.103897078	0.1371973374	0.0567703943	0.045108956500000005	-0.051398083399999996	0.0695797614	-0.1198714001	-0.0742293824	0.045359972	-0.13804232859999999	-0.0670197788	-0.0821297062	0.007462981800000002	0.0706904391	0.069304374	-0.019906421	0.1216392882	-0.0538865145	0.0209398298	-0.014415320700000001	-0.028336429399999998	0.14014969	0.0559390425	-5.12291e-05	0.0689444801	-0.1020098876	0.030841921499999998	0.0805344235	0.0730146887	-0.0077686811	-0.0385884705	0.0054468234	0.041089670099999996	0.1230129327	-0.055626536	0.0375096928	0.0657454527	-0.046596723099999994	-0.056851891900000014	0.1150768964	0.2024069642	0.0063327283	-0.019519541100000003	-0.0259887075	0.0248254505	-0.0378951513	-0.0011746119	0.0432215641	-0.028216584	0.0923064369	-0.0996057015	0.04928777980000002	-0.0774752351	-0.0708765616	0.08817835560000001	0.022815837999999998	-0.0593531966	0.0087183875	-0.0933141636	-0.0258609294	0.0885633085	0.042130702	0.0	0.0	0.0	0.00766653	7.758000000000157e-05	5.87756822409e-05	6.018656400000244e-09	0.0713702	0.005707099999999993	0.00509370544804	3.257099040999992e-05	0.163795	0.019970999999999992	0.026828802025	0.00039884084099999954	3.98046e-05	-0.0005247084	1.5844061811599999e-09	2.7531890503055995e-07	-0.000431454	-0.00016758900000000002	2.8086072920999997e-08	1.86152554116e-07	-0.00026624	0.0	0.0	7.08837376e-08	0.0	0.0
4508.909820259062	-3.26036241012298	20330267.767228607	10.629963045342926	4806.138927503066	24.38073014129168	594.4200022224885	23098971.390460324	4705.307786550903	2.076351317444278	4.311234793452588	22139921.36617656	4693.845408488666	3685.6237470143215	0.961596	14.059576000000002	0.050183539999999985	0.0322722	-0.0786675895	-0.0334014321	0.052205951900000006	-0.033685852599999996	0.11140375179999999	-0.0549594977	0.0738932261	0.006187595600000001	-0.024349182400000002	0.0574567692	0.132885206	0.0401979263	-0.0911093057	-0.052196016500000005	-0.0136207752	-0.033544198500000004	-0.08119294469999999	0.0389825396	-0.0191578843	0.020870215	-0.0274683815	-0.023862660499999997	0.0229033077	-0.0646123941	-0.10386438880000001	0.08225658570000001	0.0330026246	0.0069220356	0.023759256099999997	-0.0645090047	0.1633363496	-0.0659301753	-0.0362163649	0.0536886038	-0.0336340094	-0.0944344734	0.178143469	-0.025242878599999997	-0.027340777	-0.0020205801999999998	0.0753612176	0.016570200400000002	0.0545981841	-0.079539919	0.1322065701	-0.028501847799999997	0.022573693500000002	0.1280124853	-0.0428599489	0.118924875	-0.1004468946	0.09932761279999999	0.08465189669999999	0.06815455200000001	0.0377004494	-0.039168471499999996	-0.0019305229000000001	-0.05723717690000001	0.0303638446	0.0224174637	-0.1319560915	-0.0134202718	0.1375429309	0.0331194382	-0.0591340715	-0.08422342880000001	-0.0822020434	-0.013602049	-0.024145589	0.0339458824	-0.0454241824	0.0470283508	0.0034711457	0.1116928031	-0.0030817408	0.0164321348	-0.0461456559	0.0135477195	-0.0805877945	0.0822545528	0.0191961031	0.0180138811	0.0390953915	-0.0110788577	0.073522598	0.1333676943	-0.0229261766	-0.08080447980000001	0.0386075319	-0.023390570099999997	0.0766403779	-0.0026478544	-0.0083035722	0.08465566320000001	0.0111283703	0.055259317599999996	0.0092666	0.0296443203	-0.0155447239	0.0791944453	-0.030813434599999998	0.0349532852	0.02722098	-0.0898722938	0.0024727311999999998	-0.1481705966	0.0316992791	0.0151881677	-0.08673181279999999	-0.0823184796	-0.0609660688	0.12117818220000001	0.0469596949	-0.1628618755	-0.0231510829	0.0128156816	-0.0087248096	0.0294421353	-0.0382108944	0.0815287252	0.0845729361	0.0660489235	0.178583159	0.029037333	-0.0631571721	0.1663658667	0.0717485476	-0.0314149978	-0.071096525	-0.0805303901	0.0168256914	0.0172563736	-0.0635175702	-0.0218798719	0.022934930699999998	-0.0268381133	-0.039677242	-0.1250310744	0.0738747464	0.0058109791000000004	0.118868341	0.09563419150000001	0.0264306406	0.0473590709	-0.013698947900000001	0.0187047767	-0.08799790519999999	0.07139568240000001	0.0775820757	0.0228477221	-0.0554985574	0.0494600287	-0.0507302075	-0.0236203193	0.0157036285	-0.020146713700000003	0.0235632353	0.025495637999999998	0.0073800538	-0.0937681467	-0.0219616929	0.0903529413	0.0360122423	0.0	0.0	0.0	0.00770223	3.569999999999962e-05	5.93243469729e-05	1.274489999999973e-09	0.0408818	-0.030488399999999995	0.0016713215712400005	0.0009295425345599996	0.155749	-0.008045999999999998	0.024257751001	6.473811599999996e-05	6.934439999999999e-05	2.9539799999999988e-05	4.8086458113599996e-09	8.725997840399996e-10	-0.0004965869999999999	-6.513299999999992e-05	4.242307688999992e-09	2.46598648569e-07	-0.000128644	0.000137596	1.8932659216e-08	1.6549278735999998e-08	0.0	0.0
4510.074259820493	1.1644395614312089	20340769.82909537	1.355919492226106	4814.4968349933615	8.357907490295473	69.85461761633721	23179379.774161097	4702.435376058108	-2.872410492795097	8.250742039119375	22112898.46600276	4692.332233184305	3761.1815874777703	1.070705	15.654864000000002	0.05549603999999999	0.0297863	-0.0039761555	-0.1469956534	0.0032474513000000003	0.0536617458	0.0816921784	0.006878674	-0.020191485800000002	0.09493033109999999	-0.053381291500000004	0.0315975315	0.0781467491	0.1491622059	-0.14486983380000001	-0.0359990972	-0.0605052793	-0.0053988179	-0.005329908	0.0039780198	0.0298070903	0.0041513552	-0.0196335339	0.101300645	0.0728851024	0.0355765599	-0.1244127275	-0.0386862966	-0.015188709	-0.010618025900000001	-0.0348934605	-0.066275037	-0.0151676649	0.0594536811	0.042010031100000005	-0.0209882478	-0.0071588255	0.0141759124	0.0176246824	-0.0792103192	-0.0763711775	-0.0719025639	0.0819065606	-0.11348458210000001	-0.0165992404	-0.1548935802	-0.1307750607	-0.036767816099999996	-0.0366086671	-0.037002238300000004	0.0666586473	-0.0331358801	-0.12374742679999999	-0.18134178410000001	-0.0719280032	-0.0139089171	-0.039779263599999996	0.019921687900000002	0.0512653208	-0.0322053713	0.0536802831	-0.061571622	-0.0389257173	0.0280543625	0.057637481500000004	0.074638265	0.0428568033	-0.056073540199999994	-0.0089987839	0.0508432132	-0.0359057216	0.0793269778	0.08128552530000001	-0.0671766904	0.0054960866	-0.0616904037	0.0796246947	-0.0341149869	-0.0014512614	0.0434184461	-0.0047262219	-0.1346065592	0.1307749414	0.0351638434	-0.0734267106	-0.027836913799999998	0.0503439858	0.0606994675	-0.1040389188	-0.13044863539999998	-0.0204325934	0.0204835663	0.08622726380000001	-0.0035786486	-0.012476223799999998	0.0174695468	0.005497312	-0.0779006882	0.0342853054	-0.12009759710000001	0.0144019042	0.10157377599999999	-0.0701320612	0.0636128755	-0.019339963999999998	-0.0296189394	0.0174677694	0.009106400300000001	-0.0065129834	0.015814657	-0.0028792664000000003	-0.028303481800000002	-0.017896260900000002	-0.022455077900000002	-0.0421727826	-0.0667242194	-0.0401874298	-0.046305462400000004	0.1989926068	-0.1542415299	0.1420519556	-0.0280163326	0.1101868426	-0.18388367100000005	-0.028725575899999998	0.10755017089999999	-0.020705238100000002	-0.0870544741	0.026903802200000004	0.0507352902	0.0280089756	0.0347879907	0.015568969299999999	0.0258766235	-0.032756049	-0.06549152650000001	0.0001472363	-0.0216413325	0.0388973233	-0.0199629694	-0.07150381110000001	-0.0234563472	0.09681562310000001	0.0810448849	-0.039324261	-0.0224121563	-0.022276805499999996	-0.0479109721	0.0748754333	0.0895474686	-0.0762530946	-0.006120659499999999	0.0698965409	-0.0721560314	-0.0413229986	0.06739013320000001	0.0530267424	0.1399019243	0.0789315983	-0.0023919232	0.0060402421999999996	-0.09414702289999999	-0.0180228799	0.0918531464	0.0297135627	0.0	0.0	0.0	0.007647499999999998	-5.473000000000197e-05	5.848425624999998e-05	2.995372900000215e-09	0.0655147	0.024632899999999992	0.00429217591609	0.0006067797624099996	0.16907	0.013321000000000001	0.0285846649	0.000177449041	-8.13048e-05	-0.0001506492	6.610470503039999e-09	2.2695181460640003e-08	-0.000319816	0.00017677099999999994	3.124798644099998e-08	1.02282273856e-07	-0.000150972	-2.2328000000000007e-05	4.985395840000004e-10	2.2792544784e-08	0.0	0.0
4504.925118589543	-5.1491412309505895	20294350.324099004	26.513655416275363	4802.472968079827	-12.023866913534222	144.57337555438298	23063746.609137464	4702.8083693147555	0.3729932566475327	0.13912396950453218	22116406.55849691	4693.7982037131405	3733.132898883232	0.939392	13.734924	0.03583560000000001	0.027266900000000004	-0.0062857081000000006	-0.12530636539999998	-0.055154512	0.0743444137	0.0438672339	-0.0017982129	-0.0021489754	-0.0037741221999999996	-0.0496461049	0.0097635501	0.0050157093	0.10327275550000001	-0.0198571274	-0.1014469702	0.047766608200000005	0.0703368765	-0.0544366992	-0.021012326	0.0201758724	0.04950728099999999	0.087543952	0.029291047599999998	0.1057182186	-0.033310775699999996	0.0358901394	-0.049102020499999996	-0.0757837632	-0.0073904307999999985	-0.0261398488	-0.038996237999999996	-0.06826023980000001	0.10810486650000001	0.0103659437	-0.0703214996	0.1381716997	0.056815020999999986	-0.06864715190000001	-0.09087419279999999	0.0904380699	0.0665912307	0.0275329686	0.0206277631	-0.0628133437	-0.0671763931	0.0283065973	-0.1373630124	0.1012398133	0.014592937700000001	0.0201907718	-0.0066757162	-0.0124378361	-0.0396334857	-0.0276534586	7.557600000000001e-05	-0.09699936699999999	0.08043032160000001	0.0696860812	-0.0362853301	-0.038494127	-0.08442648779999999	0.0149308251	-0.0743420147	-0.0535047922	0.1435085755	0.038061782	-0.0315137178	0.0097149923	-0.0302098804	0.0024799082	-0.0489674307	-0.011869848200000001	-0.031210281800000007	0.043354674100000004	0.0256696009	0.0600593403	-0.027195334100000003	-0.0044454188	-0.0568493058	0.0506000833	0.1615670931	-0.1419501284	-0.0736659924	0.0468909134	-0.057574031	0.0271808335	-0.0031449109	-0.09376589939999999	-0.0636958442	0.1017364815	-0.075246137	-0.0204032099	0.0024350693	0.0456264754	0.0520092951	0.1083444587	-0.08421486869999999	0.0257046198	-0.0415547888	0.0345712294	0.0690402342	7.69221e-05	-0.0480729976	0.003738042	0.0462141314	-0.0681368338	0.0320738661	-0.024723868399999998	-0.0209121632	0.07881470360000001	-0.0983964573	0.1285982517	-0.12043390679999999	0.0631478778	0.07964339919999999	-0.0682591082	-0.0431247707	0.0529313762	-0.0127665178	0.0004424557	0.0404885892	-0.0543277868	-0.0822697449	0.1118272551	-0.0144897472	-0.0046341091	-0.0564255113	-0.031213391899999998	0.0745586847	-0.0288382346	0.0514002194	0.0331695153	0.166436308	0.031456620899999996	-0.0044964148	0.0060076564	0.04950548019999999	0.057310737599999995	0.0047499914	-0.1254742126	0.0156047863	0.056232725	-0.0605699918	0.0095239449	-0.0081340981	0.0327832947	0.0286326989	-0.08018712389999999	-0.0804846706	-0.014646291100000004	0.0024314160999999996	-0.08797338939999999	0.0988211397	-0.0019591029	-0.0339777583	0.0261437643	-0.0802465634	-0.1574976072	-0.0036572196000000004	0.004699221	-0.09445048869999999	-0.014051588600000001	0.0930591182	0.023266184300000003	0.0	0.0	0.0	0.00762976	-1.773999999999786e-05	5.82132376576e-05	3.1470759999992416e-10	0.0393607	-0.026154	0.0015492647044899998	0.0006840317159999997	0.169913	0.0008430000000000103	0.028870427569000007	7.106490000000177e-07	-0.000113581	-3.2276200000000015e-05	1.2900643561000002e-08	1.0417530864400011e-09	-0.000290943	2.8873000000000013e-05	8.336501290000002e-10	8.464782924899999e-08	-0.00026624	-0.000115268	1.3286711824e-08	7.08837376e-08	0.0	0.0
4500.672738817433	-4.2523797721096335	20256055.101934414	18.082733726247184	4762.066415320744	-40.40655275908284	1632.6895058725452	22677276.54392577	4699.410084926508	-3.3982843882477027	11.548336783408065	22084455.146308966	4689.529484143861	3656.957605538437	0.930681	13.607562	0.05815544	0.034713	-0.032898941800000005	-0.053467602	-0.13289940050000001	0.0378262989	-0.023055374	0.0220170894	-0.0327337424	-0.0485385786	0.1124871192	-0.0764636085	-0.0379532805	0.0664492982	-0.008630907299999999	6.832649999999999e-05	-0.0081038351	-0.0158276808	0.09610544230000001	-0.0797098913	0.0430790174	-0.08560878460000003	-0.0764077979	-0.020533860600000002	0.0664789466	0.0278796471	-0.0127276008	0.1011180536	0.0850467206	0.0856122277	0.0560191143	0.0515061254	-0.07893447320000001	0.0035730709999999997	0.0129225182	-0.040803955	0.025477234100000003	-0.13077214539999998	0.013386291699999999	-0.030947795	0.014832615700000001	0.1372920289	0.1318855568	0.0162383599	0.0167040364	-0.0146718118	-0.048947075599999994	0.0635400838	-0.0025717410000000002	0.0120125871	-0.1036275518	0.0305438752	-0.0226617887	-0.0139725931	0.04790992349999999	0.0866551249	-0.0417224207	0.0538000243	0.0789692335	0.054991972800000004	-0.088011596	-0.023981856	0.030282433199999997	0.0637508068	0.0356709714	0.0196008656	-0.1406048462	-0.1230789107	-0.0530767055	0.1570121972	0.018152761	0.102811119	0.0032315792999999997	-0.0237177664	0.067425174	-0.13888689869999998	0.027713860400000002	0.0184447904	0.0474349933	0.10018809640000001	0.045618228399999995	0.009139954799999999	-0.0377719308	0.0525244259	0.055257895999999994	0.0062383917	-0.078465529	-0.042215389299999996	-0.0445050816	-0.009339156099999999	-0.0502222467	-0.0505292209	0.0076160988	0.042913699900000005	0.060907594	-0.1247141369	0.0011553597	0.013685522700000001	0.149610152	0.045137029599999996	0.0014658362	0.0326420612	0.025023851	0.1323456064	-0.1335580877	-0.0114153175	0.0508351991	0.015763988700000002	0.0100497854	0.0292975024	0.0186442482	-0.021423130800000002	-0.0829226181	-0.08475090519999999	0.0757957098	-0.0629828073	-0.059950020300000004	-0.058416100599999986	0.006170327099999999	0.1172527174	0.0776608718	-0.038581020699999996	-0.039170408	0.013803470900000002	-0.016667060600000002	-0.022612918	-0.05876321900000001	0.11295020880000001	0.0076514276	0.0539708792	-0.034656639100000004	-0.0065806111	0.1075632495	0.09760880699999999	-0.023731751800000003	0.028554438300000002	-0.0445606465	0.0340274822	0.11108712859999999	0.0852482942	0.010341920400000001	-0.0491857209	0.06590519780000001	0.0470001516	-0.11669048789999999	0.1076810919	0.0458336335	0.0348105999	0.028146269300000002	0.1367765634	-0.0765725618	-0.008191642399999999	0.0396060921	-0.0969074949	0.0764557999	0.0471198278	0.0294679504	-0.0277035368	-0.0419640608	-0.0375956972	0.0033572588	-0.0946783009	-0.0100549752	0.09396699359999999	0.0167023725	0.0	0.0	0.0	0.0102666	0.002636839999999999	0.00010540307555999998	6.9529251855999926e-06	0.046574300000000006	0.007213600000000007	0.0021691654204900007	5.20360249600001e-05	0.168695	-0.0012179999999999966	0.028458003025000005	1.4835239999999925e-06	-0.0005601930000000001	-0.000446612	3.138161972490001e-07	1.9946227854400002e-07	-0.0007860709999999997	-0.0004951279999999997	2.451517363839997e-07	6.179076170409996e-07	-0.00026624	0.0	0.0	7.08837376e-08	0.0	0.0
4507.505513111873	6.832774294440242	20317605.950733934	46.68680455876334	4753.408511150967	-8.657904169777794	74.9593046130557	22594892.47388245	4695.559593365715	-3.8504915607927614	14.826285259736276	22048279.8948488	4686.441021988391	3644.042518157642	0.938864	13.72721	0.04355757	0.0224255	-0.043880326500000004	0.028206363199999997	-0.1297268741	0.0520628913	-0.0805739208	-0.005246351999999999	-0.0433927454	0.027585387599999997	-0.0985737706	-0.1393420591	0.0013119612	-0.1107900158	0.0351710043	-0.0225392892	-0.0558880463	0.0946047352	0.0651616438	-0.08949230960000001	0.0102987722	-0.1103174343	-0.0012490197	-0.056035941900000004	0.0368938149	-0.0267660898	-0.0093786016	0.057101337	-0.0602938598	0.029886387799999997	-0.026302097599999998	-0.0034891834999999996	-0.1497112437	0.0373707212	0.0402895761	-0.0981128524	-0.0523828793	-0.0390123603	-0.1359137666	-0.1004517994	-0.011666730600000001	0.0553582422	-0.0374878476	0.1299336677	0.013319614799999999	0.0736525916	-0.0180761699	-0.0025600651000000003	-0.0527521672	0.0532002394	-0.1466247689	-0.004529668	0.0170450994	0.0535218264	0.0678859224	-0.008276598000000001	-0.076404881	0.0468813032	-0.009044638399999999	0.0687738087	0.030186047999999997	-0.0710025292	-0.0420308962	-0.14566109289999998	-0.0548354358	0.0443455381	-0.0002314342	0.0696047289	-0.0374300375	0.0439254374	-0.1020175024	0.0008055689999999999	-0.0065527804	0.0880609245	-0.09585767199999999	0.0414990656	0.0478563884	-0.0348394443	-0.026411891	0.0180014539	-0.0497589631	-0.0411766486	0.0161221475	-0.1197064712	-0.0804555651	-0.1101347941	-0.1485674214	-0.0136334743	0.047268843899999996	0.039251887400000005	0.10414790210000001	0.0915231525	-0.0791269361	0.0058171055	0.0387310768	-0.0943575943	-0.1112806825	-0.0262103708	0.056396048	0.027147957799999997	0.0617645142	0.09080286779999999	0.015389682	0.0549118799	0.0275153231	0.0057112382	-0.0427907179	0.1222990611	0.0493070868	0.0223863781	0.0521393817	0.09604616369999999	-0.0099866735	-0.1648953872	0.0430069691	0.013708933700000002	-0.053654425199999994	0.0946092206	-0.1027350143	0.0382627936	-0.0200231979	-0.0122010256	-0.0435012061	-0.0005939798000000001	-0.0492518636	-0.050687618200000006	-0.1564108873	0.0320539735	-0.027359799	0.07571435879999999	-0.1414658401	-0.0162131589	-0.0358024769	0.0442562305	0.0587772866	-0.0344296034	0.0456659644	0.0037945272	0.09787313140000001	-0.06708750940000001	-0.1103096034	0.0684324374	-0.0960612564	-0.0101059154	0.0539927547	0.0729434498	0.014282274199999999	-0.1041247204	-0.0173983708	0.0507828362	0.099986146	-0.0165739133	0.0013564925	0.0036293683	-0.0204669597	-0.056186038	0.1600698465	-0.0134784604	0.044566958200000006	0.0186759303	0.0020146242	-0.09483027720000001	-0.0060402421999999996	0.09457386429999999	0.0100549752	0.0	0.0	0.0	0.00776765	-0.002498949999999999	6.03363865225e-05	6.244751102499995e-06	0.059379	0.012804699999999988	0.003525865640999999	0.0001639603420899997	0.175244	0.006548999999999999	0.030710459536000007	4.2889400999999986e-05	-0.000309263	0.0002509300000000001	9.564360316900001e-08	6.296586490000003e-08	-0.0007860709999999997	0.0	0.0	6.179076170409996e-07	-8.307159999999999e-05	0.0001831684	3.355066275856002e-08	6.900890726559999e-09	0.0	0.0
4514.910378735024	7.4048656231507275	20384415.72800924	54.8320348969194	4696.133145104755	-57.27536604621128	3280.4675557274913	22053666.51655148	4699.550687778161	3.9910944124458174	15.928834609056231	22085776.666996185	4688.551848398098	3677.975776689765	0.949769	13.886648	0.06012795000000003	0.0266878	-0.0359048749	0.0813856483	-0.042700927699999995	-0.14039338029999998	-0.0538878116	0.055886062199999996	0.0756120978	0.060709008200000004	-0.018916726499999998	-0.08457703679999999	0.010554446	-0.0793345785	0.1080117617	0.012124976599999998	-0.0389963071	-0.014421232800000001	0.1085163436	0.008691828	0.0143311268	0.0041736142	0.0417698989	-0.0222762744	-0.0325445907	0.0191624507	0.0683310365	-0.052249889	0.1433992077	0.0004024354	-0.0958058619	-0.0789665398	-0.037633945499999995	-0.0342937923	-0.0020077749	0.035419733700000004	0.0207807601	0.0263557025	0.1315064319	-0.0116507374	0.0058644891	0.042537660899999996	-0.0249523286	0.0437851055	0.0191130774	-0.1390146926	-0.0459222792	-0.018942073700000003	-0.0259340003	-0.0570386274	0.0815734959	0.021941834500000004	-0.0046290683	-0.0302112858	0.0191500359	0.0049637428	-0.0177199522	-0.0221963713	0.10129040710000001	-0.0583754689	0.043006461100000004	0.0560029347	0.0277421347	-0.0427684308	-0.0868999311	0.10876830679999999	-0.049080461500000006	0.0370687534	-0.0266547039	0.1008910098	0.1101155675	0.1514167117	-0.018420022	0.0035781776000000007	0.0181459889	-0.0382467628	-0.05196631559999999	-0.0725375631	-0.0007451713000000001	0.0030464626	-0.033204036400000005	0.0788971889	-0.1565549553	0.0737308259	-0.0802842699	0.0158763652	-0.09714169980000001	0.0117783718	0.0622250466	0.1048677519	-0.004824295	0.028722286800000007	-0.031261944	-0.05988977490000001	0.0399980554	-0.0888672752	0.048065340199999994	-0.023766256800000003	-0.0358787482	-0.0151938981	0.0087945387	-0.043798377199999995	0.056979658499999995	-0.0677194708	-0.0388354004	-0.1247887469	-0.0338420129	0.1021567109	-0.0457824628	-0.035041575	-0.030116451800000006	-0.0392950073	-0.039312661299999996	0.08284976919999999	0.0500157647	-0.0106688523	-0.1522766902	-0.0010869469	0.0518084338	-0.016485883899999998	0.0094217753	0.048994845700000005	0.078151837	-0.0141923453	0.053495627000000004	0.0888891654	0.117827609	-0.0136869902	0.0369207485	0.0074666606	0.0268091402	-0.0719108429	-0.0615055087	0.0076389937	-0.0189911221	0.0687552557	-0.1219330107	0.1532342246	0.1030649124	0.0407070314	-0.0340782595	-0.0923430599	-0.0601860378	-0.037651439	-0.12247136630000001	0.0325602556	-0.031090809599999998	0.049842289299999995	-0.059905032699999985	0.0614522147	-0.0492264692	0.0670141851	-0.024926797	0.0759140704	0.0711096023	-0.0049399216	-0.0389538953	-0.043473436	0.0505028173	-0.0896449325	0.0006715861999999999	-0.0949062958	-0.0020146242	0.0948777865	0.0033572588	0.0	0.0	0.0	-0.0021946	-0.00996225	4.816269159999998e-06	9.924642506249996e-05	0.0443897	-0.014989299999999997	0.00197044546609	0.0002246791144899999	0.157848	-0.017396000000000026	0.024915991104	0.00030262081600000083	-0.000175829	0.00013343399999999998	3.0915837241000006e-08	1.7804632355999998e-08	-0.000954088	-0.00016801700000000034	2.8229712289000117e-08	9.10283911744e-07	-2.89146e-05	5.415699999999999e-05	2.932980648999999e-09	8.3605409316e-10	0.0	0.0
4517.6400275384	2.7296488033762216	20409071.41841716	7.450982589773238	4757.764462937008	61.63131783225254	3798.419337740129	22636322.684786275	4702.920274688006	3.369586909845566	11.354115943002588	22117459.110071514	4690.596698542595	3699.657381256158	1.035725	15.143422	0.06609996000000001	0.0283847	-0.049216534400000005	0.051015455599999995	0.0998458457	-0.069103604	0.0087082822	-0.0279247617	0.06735843309999999	0.0254075164	0.1041962621	-0.0047334107	0.10968277119999999	-0.0656207164	0.0809756415	0.0076581889000000005	-0.055314567800000006	-0.09994166619999999	0.0770206965	-0.0152217155	-0.024918463300000002	-0.0339310957	-0.037281209100000004	-0.0635843476	0.1397796479	-0.0625023086	-0.0458288875	-0.07282613	-0.030082561	-0.0492574805	-0.053714627599999995	0.0183017077	0.0332874571	0.0726729577	-0.0440476676	-0.111961774	0.0411872831	0.018583496499999998	-0.0287325081	0.1278397248	0.08467749960000001	-0.040844473	-0.023937869599999998	0.07531971559999999	-0.0158864756	0.1030413391	0.0118811356	-0.1315047121	-0.1046828469	0.1300334229	0.1033645534	0.1012913716	-0.0902765148	-0.0585660996	0.064854155	-0.0218788279	0.12268945789999999	0.1042540748	-0.0115943758	0.0013863022	-0.1166353208	0.0239980685	-0.11219112880000001	-0.0643099676	-0.1124428569	-0.0809424233	0.0786819853	-0.0094056852	0.0571205563	0.0022155868	0.0268627187	0.0928951132	0.0642139155	-0.0909483862	0.1095024142	-0.0607500907	-0.0395611778	-0.041517781499999996	-0.0414325987	0.0529858163	-0.0617527622	0.0020580852	-0.1668835347	-0.001039132	-0.0112263723	0.0029590503	0.0017655624	0.11038115300000001	0.0160952585	0.0776288294	-0.054115369	0.0707785757	0.0341714571	0.033292106	0.055264740599999994	-0.0794335813	-0.0160271896	0.0249853698	0.0364834653	0.0505503479	0.0802990286	-0.0079637017	-0.1965582502	-0.11792553880000001	0.0231162304	-0.0157918927	-0.0114474706	-0.05774017519999999	0.0087276848	-0.0158797069	0.08676836550000001	-0.055278281799999995	0.004884062	-0.1060459105	0.0192932604	0.10478118039999999	0.045619581	0.0118801269	-0.115049649	-0.0046939278999999995	-0.1120432483	-0.0260495656	0.071830071	-0.1181076629	0.0471362595	0.0664492837	-0.0485054443	0.028369683399999998	0.074354654	-0.11171440140000001	0.0120720657	-0.0828736378	0.106357714	0.0530547209	0.049149082000000004	0.0638821018	0.0110305525	0.17166000420000002	0.06166596360000001	-0.1132066653	0.046704446	-0.0271611442	0.028742023199999998	-0.11329055380000001	0.0835359852	-0.055205062199999995	-0.0576565514	-0.0603348853	0.1170955763	-0.0295617812	-0.1395276916	0.0626038604	-0.023956301099999997	0.0198889407	0.071139059	0.0307774419	-0.0192889297	-0.0883528996	0.0800580865	0.024821111	-0.0006715861999999999	-0.0949062958	0.0020146242	0.0948777865	-0.0033572588	0.0	0.0	0.0	0.007790779999999998	0.00998538	6.069625300839997e-05	9.970781374439996e-05	0.0654452	0.0210555	0.004283074203039999	0.0004433340802499999	0.163523	0.005675000000000013	0.026739771529000003	3.220562500000015e-05	-0.000374432	-0.00019860299999999994	1.4019932262399996e-07	3.9443151608999976e-08	-0.000700887	0.0002532010000000001	6.411074640100005e-08	4.91242586769e-07	0.000106963	0.0001358776	1.846272218176e-08	1.1441083369e-08	0.0	0.0
4519.6923602941915	2.0523327557912125	20427619.03170168	4.212069740493553	4791.622088183056	33.85762524604797	1146.338787301825	22959642.23596375	4706.441558835486	3.521284147479492	12.399442047290368	22150592.1467338	4696.534976488375	3780.595131840185	1.142093	16.698632999999994	0.03813995	0.0237556	0.0172732511	-0.10270451859999999	0.0927581707	-0.050304051399999994	0.0428521382	-0.09627297539999999	0.0059380687	-0.0547249041	-0.0323772746	0.0702703959	0.038419799500000004	0.1321818448	0.106040002	-0.0834932233	-0.0453626009	-0.0529122484	0.0438980337	-0.040785816	-0.0355709962	0.08601482140000001	0.136174534	-0.1670810442	0.016441268999999998	0.0244712211	-0.0214211552	-0.0822936946	0.023154989900000002	0.0014129748	-0.0275067221	0.0257006888	-0.0272434521	0.0187039071	0.0674908814	-0.0097290928	0.042664962800000004	0.0070838457	-0.0693013662	0.0261541879	0.0635354612	-0.042463584900000004	0.0529010612	-0.0638905173	0.1022371197	0.048176375199999996	0.0100182584	-0.0461858026	-0.054707101900000006	0.0017387476000000001	-0.0325657365	0.0351832383	0.0762755864	0.046489383499999995	-0.0960053805	0.0377196048	0.009285307900000001	-0.1285815859	-0.0173997688	0.0519079704	-0.0155341023	-0.0122992446	0.0711063759	0.045140487699999995	0.0094800517	-0.0110445503	0.0664464946	-0.0157898826	-0.0067402961	0.011471678600000002	-0.0736583901	0.023317726299999997	0.1278114474	0.0096338143	-0.14813577039999998	0.07394247309999999	0.005350190699999999	-0.0226582352	0.020452823000000002	-0.0506040232	-0.0779805048	0.0112433926	-0.1275618081	0.2076717489	0.093082822	-0.0001707526	0.08477557179999999	0.020874168999999998	-0.10877511390000001	0.053017772000000005	0.0264135311	-0.0351408842	0.0308720083	-0.0149498342	0.1706017772	-0.039253342999999996	0.0481959645	0.0198741175	-0.14482384539999998	0.0829242278	0.11130705279999999	0.0032241745	-0.0079881623	-0.044417421299999996	-0.0481593472	-0.00036989339999999996	0.0034925511	0.0843529157	0.0507488337	0.0009889566	0.0618867412	-0.0545738241	0.0456451004	-0.037471852400000005	-0.021905772400000002	0.0394799523	0.0727102754	-0.051864413899999996	-0.023326964900000004	0.0127998996	0.0252639625	0.0858029102	0.08414406890000001	0.0353138037	-0.0784376128	-0.062259250599999996	-0.017732433	0.033716856499999996	-0.0246849879	-0.0164832232	0.0708639571	0.07540907820000001	-0.00566417	-0.0201668425	-0.0454320477	-0.0621942908	-0.0349197745	-0.081786514	-0.06496476030000001	0.0394508297	-0.0190544889	0.0356159208	-0.0109490974	0.039416917	0.0837057171	-0.06898846759999999	0.0328432648	-0.102654665	-0.0376491142	0.09064888689999999	0.016221665700000002	0.0775652792	-0.0220915348	0.0894969788	0.046638306799999994	0.025994741800000002	-0.1697774222	-0.10307524859999999	0.080273581	-0.0585136044	-0.0020146242	-0.09483027720000001	0.0060402421999999996	0.09457386429999999	-0.0100549752	0.0	0.0	0.0	0.00779338	2.6000000000019063e-06	6.07367718244e-05	6.760000000009913e-12	0.0423533	-0.02309189999999999	0.0017938020208900004	0.0005332358456099996	0.159857	-0.003666000000000002	0.025554260449000003	1.343955600000002e-05	-0.000237315	0.00013711699999999994	5.6318409224999985e-08	1.8801071688999992e-08	-0.0007860719999999999	-8.518499999999988e-05	7.256484224999979e-09	6.179091891839997e-07	0.00011225	5.2870000000000055e-06	2.7952369000000054e-11	1.26000625e-08	0.0	0.0
4518.775664960033	-0.9166953341582484	20419333.51023499	0.8403303356675028	4820.319770542058	28.697682359002105	823.5569727781806	23235482.69027864	4707.6720002032425	1.2304413677566115	1.5139859594867615	22162175.6614976	4697.19322085821	3769.571439638183	0.911919	13.333241	0.02556747	0.0153889	0.029634727599999997	-0.09361141949999999	0.0441016801	-0.0224675706	0.0493809443	-0.0460316062	-0.0820766954	-0.0041052666	0.08429387529999999	0.053042759	-0.0245555302	0.0879026541	-0.024780886600000003	0.07893663320000001	-0.0321962848	-0.20944347219999998	0.0562023226	-0.1152784149	0.1090118287	0.1361018401	0.031516775	-0.044010933499999995	-0.0309927715	0.132911636	0.08873199789999997	-0.0465211293	0.0034978249	-0.0054129066000000005	0.1082885189	0.0418258743	0.0568668121	0.0385370469	0.0806494449	0.0416897108	-0.0195992913	-0.0230196917	0.0411559033	-0.0157153277	-0.0086546578	-0.0884178719	-0.057348675599999996	0.08321715959999999	-0.0232865905	-0.0251048331	0.0809666877	0.0152593928	-0.08209189730000001	0.0818983366	0.007521311	-0.112906262	-0.000638098	-0.0858902595	0.0467171091	0.0719408958	-0.0267072169	-0.0251588286	0.0394990786	0.2055328521	-0.0394685383	0.022728186400000003	-0.051742009400000004	0.065084442	-0.0302017927	-0.1011211693	0.0140838473	0.0046941732	0.0176925931	0.046131880199999996	-0.054150007800000004	-0.0328955762	0.0281096076	-0.060241248899999995	-0.0001276858	0.0110642455	-0.0117843065	-0.0382418616	-0.1034384803	-0.0097793198	0.0594274382	0.0699927739	0.0454643921	-0.0273561521	-0.0061651434	0.130444584	0.0562385931	-0.0387541621	-0.0505683367	-0.0401282279	-0.17998338989999998	-0.0365376529	0.0597150146	0.0886010843	0.1318088966	-0.0862754553	0.0609926383	0.08831894130000001	-0.1256065063	-0.1123199137	0.0795450186	-0.0836627146	0.07540182849999999	-0.04609616440000002	-0.0278081946	0.024395031299999998	0.0377791952	-0.0149597872	-0.0160426039	0.1568773146	0.008553218100000001	0.0194710151	-0.0127024029	0.08881366130000001	0.0358426002	-0.0332746666	0.0412935145	0.06490393059999999	-0.050963895999999995	-0.057929313600000004	-0.0828566782	-0.06419465469999999	0.0204221132	0.012412117299999999	-0.0228268087	-0.0504267195	-0.0826019225	-0.09471835070000001	0.027883779700000003	0.0877004186	0.0368814081	-0.0543383488	0.1552120109	-0.0400067133	-0.046535133	-0.0666780672	-0.0332990385	0.036597987900000004	0.056816175	0.0189928695	0.0570722804	0.0256748779	0.003705574	-0.0239232078	0.0670066074	0.039512169900000005	0.0520561847	0.028361294	0.1087237023	0.0197150982	0.0203517276	0.10183244960000001	-0.0238648539	0.025869878199999998	0.0449430796	0.1401453006	-0.0454286368	0.0951229111	-0.08722176300000001	-0.0335620175	-0.0033572588	-0.0946783009	0.0100549752	0.09396699359999999	-0.0167023725	0.0	0.0	0.0	0.00776062	-3.2759999999999734e-05	6.02272227844e-05	1.0732175999999826e-09	0.0494219	0.0070685999999999935	0.00244252419961	4.996510595999992e-05	0.172541	0.012684	0.029770396681	0.00016088385600000006	-0.00032199	-8.467500000000004e-05	1.036775601e-07	7.169855625000006e-09	-0.0007860719999999999	0.0	0.0	6.179091891839997e-07	8.12828e-05	-3.0967200000000004e-05	9.589674758400005e-10	6.60689357584e-09	0.0	0.0
4518.630200631916	-0.14546432811766866	20418018.890062828	0.02115987075472476	4820.355770143597	0.03599960153860593	0.0012959713109383984	23235829.750756666	4704.168910848769	-3.5030893544735586	12.271635025425978	22129205.141796093	4694.891297923019	3766.697750118672	0.875669	12.80323	0.07034615999999999	0.0392317	0.0320480168	-0.0627742435	0.0101491359	0.0462638058	0.0412628165	-0.07258327690000001	-0.1003203925	-0.013260294399999999	-0.047166146799999996	0.030160112000000006	-0.0410870727	0.0734817967	-0.0946330563	-0.0367893924	0.0116797302	0.0247125994	-0.0738718999	-0.0663119468	-0.016975814	-0.10416263960000001	-0.0251317268	-0.0613036388	0.024573353500000002	0.0112472071	-0.049716192	-0.021665976899999998	-0.031031500899999998	-0.08039970639999999	0.016904614499999998	-0.038350997000000005	0.11645601679999999	0.1119892802	0.11383605220000001	0.0058318288	-0.0045500327000000005	0.07736769389999999	0.0855792739	0.12237655050000001	0.0216049399	0.1043849889	0.012824473500000001	0.011879426299999999	-0.1416344346	0.0624230233	0.0741873062	0.0264589504	-0.0538806515	-0.049500673700000004	0.0339462691	0.0720107931	0.0585632699	0.0004150119	0.0110800951	0.037063041899999996	-0.023537461200000002	0.0152767825	0.0552762242	0.0273203237	0.0297230159	0.0204292438	-0.026327131	-0.0431956709	-0.0880492105	0.2006831073	-0.12161835900000001	-0.09650226630000001	0.1162938385	-0.066349365	0.0070835047999999986	-0.0228774646	0.07230727299999999	0.0165169556	-0.030140695	0.1188416854	-0.0004245043	0.017867363799999997	-0.0031914719	0.0374338178	0.102143845	-0.0943692641	0.07055059059999999	0.0182422194	0.0430391947	-0.008803372	0.0345431687	-0.0478399424	-0.0439622529	-0.0734404765	0.0548087286	-0.0067565444999999995	0.0174796777	0.11664922330000001	-0.0066157816000000005	0.0487444517	-0.1165204323	-0.0618798817	-0.0037886188	0.0202190769	0.0714629792	0.0086280909	-0.0552584551	0.0108131169	0.06087588240000001	-0.0030969612	-0.0367651677	-0.0611386895	-0.0135002168	0.09505226359999999	0.0888158896	-0.072189259	0.016911823899999998	0.10737284039999999	0.0132385249	0.07148305469999999	-0.035459944300000004	-0.105754672	0.1146772893	0.0625497354	-0.1223967749	-0.0593395147	-0.035588200099999995	0.061344727599999996	-0.0755807908	-0.0137819628	0.06367341309999999	0.0607073659	0.0950372243	-0.044222636600000004	0.034115006499999996	-0.008848975600000001	-0.0171659236	0.015690397	-0.00480328	0.0122022225	0.0153083204	0.044746809400000004	0.013310459699999999	0.0239328008	-0.1141671727	0.17711379600000002	0.0461933164	-0.0122186616	-0.1611533036	0.0689096474	-0.0476117204	-0.0100074497	-0.05485789940000002	0.0049953802	0.047657045499999995	0.0608956113	-0.0303309131	-0.029784633199999997	-0.1437697977	0.1038331557	-0.0194696606	0.0670640156	-0.0141364163	0.1559934524	-0.004699221	-0.09445048869999999	0.014051588600000001	0.0930591182	-0.023266184300000003	0.0	0.0	0.0	0.00775197	-8.649999999999804e-06	6.0093038880900014e-05	7.482249999999659e-11	0.0655471	0.0161252	0.00429642231841	0.00026002207504	0.15370699999999998	-0.018834000000000014	0.023625841848999997	0.0003547195560000007	0.000110938	0.000432928	1.2307239843999998e-08	1.87426653184e-07	-0.000536072	0.0002499999999999999	6.249999999999994e-08	2.8737318918399995e-07	0.000105921	2.4638200000000007e-05	6.070408992400003e-10	1.1219258241e-08	0.0	0.0
4515.2297339163	-3.4004667156159485	20387299.550041854	11.563173884011915	4751.626530874859	-68.72923926873773	4723.7083304594	22577954.688913845	4699.281981749725	-4.88692909904421	23.88207601908505	22083251.14399762	4689.319616128692	3751.4643054602834	0.856192	12.518462	0.04024461999999999	0.0216707	0.0164322909	-0.0180877035	-0.0154404798	-0.0361381323	0.0006078783000000001	0.0924569017	0.0328520927	-0.16958644760000002	0.0666051661	-0.0544875784	-0.0406469398	0.050031644199999996	-0.0840487163	-0.06824003370000001	-0.0095297725	-0.0848573752	-0.046732532	-0.0342341448	-0.10690968710000001	-0.0027637322999999997	-0.021533701699999998	-0.0150466721	0.0564516968	-0.0020280674	-0.04395208	0.041387417999999995	0.0015629264000000002	-0.061910844000000013	-0.0343481902	-0.047878279800000006	0.0501134861	0.1240414136	0.0500010938	0.0365527063	-0.00017006029999999998	-0.03986351	-0.014406181799999999	0.0545624965	0.1129788368	-0.0583094128	0.0720517513	-0.0515194007	0.1072274526	-0.0103350413	-0.09241072460000001	-0.032502761899999996	0.1285646804	-0.039506992799999995	0.0317160284	-0.10473337960000001	-0.0341700417	0.0625128675	-0.0183608774	-0.0121320904	-0.0045933238	0.0192441024	0.0415412923	-0.0788685574	-0.09920589269999999	0.09307886650000001	0.011222474	0.0528806222	-0.0159676748	0.0270912681	-0.043280874299999994	0.0554066941	0.0656684922	-0.0237046056	-0.0148025258	-0.0304182179	-0.0176140522	0.10838533789999999	0.0191483996	0.0518616476	-0.07652718230000001	0.046747503600000004	0.024640369199999998	0.013978427600000001	-0.023345236000000002	0.0075821089000000005	-0.026083073999999998	-0.0250042016	0.0739705867	0.09901062210000001	-0.055499033499999996	-0.0414313324	-0.0185258402	-0.0743520565	-0.013148741299999999	-0.0633334502	0.1068456281	-0.0189527973	0.06706010309999999	0.0576844424	-0.05938338980000001	-0.025341854900000002	0.025376694300000002	0.0286709474	0.0288368337	-0.0296967687	-0.0698658331	0.00042080139999999997	0.0481196574	-0.0573112731	-0.0798599129	-0.08388037849999999	0.0147209577	0.07097450429999999	0.0005992903	-0.0798165616	0.0173280937	-0.052822659	-0.013569376999999999	0.0424637114	0.144220876	-0.1115863806	0.0119219598	0.0051756859	0.1611132382	0.08656206890000001	-0.0534545503	-0.0599743199	0.0365378372	0.0520783813	0.061332933099999994	-0.0380685052	-0.0999695223	0.0210030404	0.0106345388	-0.0227464162	-0.0205273799	-0.007129064	0.014078026799999999	0.0524836767	-0.1111202973	-0.0129585347	-0.1394931671	0.0166217727	0.0253732382	0.039812555	-0.0408791669	-0.0286257546	-0.09024938699999999	0.0329359359	-0.0032530946999999996	0.0631691998	-0.0414004632	0.0211340023	-0.0073066215	0.0411401817	0.0309906763	-0.0007832733999999999	-0.0021906889	0.0754938402	-0.0644198021	-0.037922352799999996	-0.020075656	0.0106203291	-0.0060402421999999996	-0.09414702289999999	0.0180228799	0.0918531464	-0.0297135627	0.0	0.0	0.0	0.007796339999999999	4.436999999999844e-05	6.078291739559998e-05	1.9686968999998613e-09	0.06559119999999999	4.409999999999137e-05	0.00430220551744	1.9448099999992386e-09	0.169891	0.01618400000000003	0.028862951881000007	0.000261921856000001	0.000257719	0.00014678100000000002	6.6419082961e-08	2.1544661961000006e-08	-0.0007860719999999999	-0.0002499999999999999	6.249999999999994e-08	6.179091891839997e-07	2.3259e-05	-8.2662e-05	6.833006244e-09	5.409810810000001e-10	0.0	0.0
4509.324281097578	-5.905452818721643	20334005.47209619	34.874372994147386	4749.808550997213	-1.8179798776454843	3.305050835523891	22560681.27112625	4701.119433955733	1.8374522060084928	3.376230609365477	22100523.932316273	4690.923267252813	3721.756751814612	0.8840329999999998	12.925524	0.07009270000000001	0.041706900000000005	-0.007517438299999998	0.0033496496000000003	-0.0472511038	0.09089098609999999	-0.0360908884	0.043558877	0.060208737400000004	-0.10798177960000001	0.046623860499999996	-0.0481215625	-0.038262075	-0.033491392	-0.0743496153	-0.0183644563	-0.0340232033	-0.08080636	0.0415239923	0.0085124117	-0.0271846622	-0.0009523646	-0.0689362753	0.0098843984	0.0888497487	0.059984065	-0.056551406	0.0368091373	0.0031288893	0.0560719463	-0.054153289900000005	0.0682666334	-0.0043566765	-0.0013951648999999998	0.157679022	0.0140060184	-0.013201886299999998	0.030033108700000002	-0.0011970969	-0.0238107148	0.012651564799999999	0.0776783937	0.0064870749	0.1167630987	-0.1264530609	0.0025506711	-0.0100051399	-0.029787281800000006	-0.0086816286	0.1194204224	-0.0500097087	-0.036183155099999996	0.0905483259	0.0716033382	0.082678932	-0.044719854	0.0161086669	0.050628004500000004	-0.040704759900000005	-0.0182372042	-0.023788257900000002	-0.0035727628999999996	-0.0126648224	0.16995077719999999	0.046893260199999995	0.0161539564	0.07276934360000001	0.0560835066	-0.0585931654	-0.1115763162	-0.0882645034	0.1025436016	-0.0412316785	-0.0040341499	0.0287018924	-0.0276562643	-0.0756532575	0.0857583814	0.0828041593	-0.0588656337	0.0426538092	0.0475600339	-0.046202199299999996	0.0840685875	-0.0243661123	-0.054379402	-0.0576224296	-0.0335568872	0.053819631500000006	-0.0792847109	-0.0322810913	0.0064638763	0.07705164099999999	-0.014497031899999999	0.030100803399999997	-0.021187870600000002	-0.0445685733	0.028691297299999998	0.0627736652	-0.0552256192	0.047644165499999995	0.014533720900000003	-0.0734215465	0.0350129356	-0.09424473439999999	-0.0099337374	-0.0285155747	0.056669252999999996	0.1308955926	0.0775237512	0.0558885337	-0.016599780800000002	-0.024665207	0.0851916136	0.08245950440000001	0.0598589121	-0.0386587648	-0.0459230066	-0.025782378199999997	0.0395070326	-0.0339510623	-0.05940626490000001	-0.0927485816	-0.0185905072	0.0332209038	-0.1482657976	-0.080122126	-0.0737364868	-0.017053272	-0.016483729199999998	-0.0978856699	0.011818714199999998	0.0125953451	0.0518078601	-0.021673495299999998	0.0371013565	0.0606881242	-0.0093148926	-0.1721192633	0.0119959778	0.0007953608999999999	-0.13462168859999998	-0.016401126499999998	-0.021608105699999998	0.0447284934	0.028312711600000002	-0.13531995759999998	0.007385860300000002	0.012581256599999998	0.0252081963	-0.0563351999	0.0393176446	-0.0094093602	-0.0312436733	0.0775442339	-0.17720549079999998	-0.08665327880000001	0.0111951616	0.006731912	0.028478507799999997	-0.0073800538	-0.0937681467	0.0219616929	0.0903529413	-0.0360122423	0.0	0.0	0.0	0.00365794	-0.0041383999999999995	1.33805250436e-05	1.712635455999999e-05	0.08337919999999999	0.017787999999999998	0.006952090992639997	0.00031641294399999993	0.171728	0.0018369999999999773	0.029490505984	3.3745689999999175e-06	-0.0005130859999999999	-0.000770805	2.63257243396e-07	5.94140348025e-07	-0.000914208	-0.00012813600000000018	1.6418834496000044e-08	8.35776267264e-07	5.0904e-05	2.7645e-05	7.642460249999997e-10	2.591217216e-09	0.0	0.0
4505.6986971878305	-3.6255839097475473	20301320.749840114	13.144858686620312	4717.972903370857	-31.83564762635615	1013.508459789516	22259268.31694164	4701.174757960486	0.05532400475294708	0.0030607455019041104	22101044.10488484	4690.3493565608915	3670.6918971219898	0.906079	13.247861	0.06033470400000001	0.0285306	-0.0647258325	0.0223895095	-0.0534788743	0.009012734100000001	-0.0344136473	0.0324641348	0.1460716057	0.0204554301	-0.0768231677	-0.045207212999999996	-0.0174355676	-0.0440826012	0.0255983616	0.0452554804	-0.0394945663	0.0008376023	-0.0078492075	-0.040169576400000004	-0.1265798833	0.0231328525	-0.0031974066999999997	0.0035008728	0.0819920708	-0.0061477508999999994	-0.0407328358	0.1488982669	-0.0414444637	0.0067983879	0.0319561509	0.051312549000000006	0.1067714535	-0.005815096800000001	0.0104540919	0.0512330203	-0.0120585049	0.004940905	-0.10506925800000001	0.028583885899999998	0.10105208939999999	0.0642997788	0.0444479541	0.0619943316	-0.1421104946	-0.0306431829	0.0030920821999999995	0.0109660178	0.0687810975	0.0244738967	-0.0015364291	-0.0796258645	0.08752113210000001	-0.0804898317	0.0394770775	0.1183486608	0.0245254204	-0.0172549372	-0.050869142699999995	0.056027215400000004	-0.0346318179	0.0694616668	0.146464247	0.0058903752	-0.0389324141	-0.010884134699999999	-0.010167167099999999	0.0333367352	0.030235663700000002	0.052262696500000004	0.0670509747	-0.049097540099999996	-0.0769506325	-0.0377651565	0.0471882243	-0.0232691156	-0.035345460499999995	0.0075539301	-0.044614914400000004	0.011283112	-0.076725081	0.1153499568	0.1447227731	0.039365744	-0.13459589789999998	-0.0428520984	-0.0576294822	-0.0073737299	0.072253787	-0.0032843852	-0.021542865	-0.0255798486	-0.0443991708	-0.10647290960000001	0.1027413414	0.0445140704	-0.036174224	0.011900357700000001	0.0798520897	0.0232998887	-0.0136135656	0.0291824613	-0.08535802880000001	0.0631364165	0.015155393	0.0368411285	-0.043928141100000005	-0.10468772929999999	0.0599780589	0.0914123541	-0.0692589122	0.034204323700000004	0.0247683521	0.0515717001	0.0226665608	0.1001157024	-0.0572820474	-0.1064335091	-0.0632806336	0.010661271100000001	-0.05789644240000001	-0.0595245638	-0.1056032148	0.011737831200000002	0.021014569	-0.0669553786	0.0054214428000000005	-0.00947371	-0.0216966532	0.0163658246	0.1635308289	-0.0265454149	0.10993501160000001	-0.0133263628	0.0338852144	0.052635275599999996	-0.0433230746	-0.048894995	0.00034264589999999996	0.0939920915	-0.0418444761	-0.046314748899999994	-0.046568850300000006	-0.0349181388	-0.0151712423	0.0154224228	0.0939945641	0.0660122512	0.0048440685	-0.0713557741	-0.0054451499	0.0144960504	0.0024424766	0.055314415199999994	0.087534136	0.0145669601	0.0222111973	0.0414234369	0.0268259646	0.027996860800000002	-0.0087183875	-0.0933141636	0.0258609294	0.0885633085	-0.042130702	0.0	0.0	0.0	0.000956436	-0.0027015040000000004	9.147698220959999e-07	7.2981238620160005e-06	0.0655026	-0.01787659999999999	0.004290590606759999	0.00031957282755999976	0.163458	-0.00827	0.026718517764	6.839289999999999e-05	-0.000111792	0.000401294	1.2497451264e-08	1.6103687443599995e-07	-0.0007860719999999999	0.00012813600000000018	1.6418834496000044e-08	6.179091891839997e-07	0.000151206	0.000100302	1.0060491204e-08	2.2863254436e-08	0.0	0.0
4503.3264383163305	-2.37225887149998	20279949.010038845	5.627612153410358	4756.534476551144	38.56157318028636	1486.9949261385802	22624620.22661966	4702.069335283341	0.8945773228551843	0.8002685865667487	22109456.033811927	4689.119271884026	3645.772324603655	0.927097	13.555166	0.04283693899999999	0.0234718	-0.1133119411	0.0361005095	0.001092475	-0.0037231394	-0.0291119316	0.0498171166	0.0035393116999999997	0.1138478711	0.0978381249	-0.0197498666	0.1063151858	-0.0362826417	-0.0007145552	0.043672593499999995	-0.0491200294	-0.0584118438	0.11747929900000001	-0.0935690327	0.0178953581	0.0183727505	0.048340552300000006	-0.09731285529999999	-0.025583786	-0.0308576991	0.0224520611	0.1992172912	-0.1297955445	-0.0399989206	0.05776507190000001	0.0125583723	-0.0146618538	0.0789867671	-0.07732100509999999	-0.0380256781	0.0579892044	0.0390412057	0.0328848009	0.1714989536	0.040411071	0.0062271565	0.024080380099999996	-0.034788340200000004	-0.0274404658	0.0154406022	-0.0064690719	0.0276119168	4.01173e-05	-0.0357323698	-0.0401567766	0.1529561835	0.0378073669	0.0211366243	-0.1462715553	-0.1142787158	0.050884181900000006	-0.07773551940000001	0.056864989299999995	-0.051975553	0.0636891915	0.0160619075	0.011503891499999998	0.0042337978	-0.0679271716	0.035031902999999996	0.0652513715	-0.0195762097	-0.0593830662	-0.0389305162	-0.0652126641	-0.08855433019999999	-0.0639569077	-0.0761346113	0.0225608752	-0.0794810656	-0.0004968317	-0.026848993199999997	-0.0114861567	0.0250785438	0.0508718344	0.0110714702	-0.0051100421	0.0475428505	-0.056774688	0.0538736409	-0.020508612199999998	0.1090472352	0.048220493600000004	-0.0345249314	-0.0964700968	0.0033681971000000003	-0.0145802717	0.0154762363	0.111555432	-0.1351193885	0.033515854	0.0433034587	-0.0228401819	0.078576454	-0.013352878899999998	0.028268903199999997	-0.0268710536	0.0972351615	0.053930634299999995	0.0997085364	-0.15497264060000002	-0.1030552575	-0.1298403208	0.022774575	0.053232031900000004	-0.0392691509	-0.0096150787	-0.007147044399999998	-0.0629161892	0.0869101877	-0.0152364909	-0.039421063	-0.0204655998	-0.0274277798	-0.0137759022	0.0091878377	-0.0061090691	0.0509088551	-0.0483073175	0.0218179484	0.0889030217	0.1391861066	-0.0062542454	-0.111632442	-0.0533480754	0.1166235425	-0.0732023293	-0.0893357504	-0.0303998098	-0.033015386699999996	-0.011133464899999999	0.1372078898	-0.0332473083	0.011002509399999999	-0.0450085627	-0.0285463703	0.0046594938	-0.000784832	0.1105705511	0.0335792529	0.004312942100000001	0.052764226799999994	0.000327796	-0.09221423	-0.0347520667	-0.0566299797	0.0021602586999999998	0.03127533	0.1144582638	-0.0279935902	-0.016212194	0.0132703937	-0.0188510395	0.0255938164	-0.0100549752	-0.0927854371	0.0297135627	0.0864899808	-0.0480383225	0.0	0.0	0.0	0.00284789	0.001891454	8.1104774521e-06	3.5775982341159995e-06	0.06546630000000002	-3.629999999997524e-05	0.0042858364356900035	1.3176899999982026e-09	0.173804	0.010345999999999994	0.030207830416	0.00010703971599999988	-0.000320592	-0.00020880000000000006	1.02779230464e-07	4.359744000000001e-08	-0.00110162	-0.0003155480000000001	9.957054030400008e-08	1.2135666244e-06	6.42903e-05	-8.69157e-05	7.55433890649e-09	4.13324267409e-09	0.0	0.0
4508.7285974057895	5.402159089459019	20328633.565064777	29.183322827824696	4743.490620927377	-13.04385562376683	170.14216953367358	22500703.27082599	4702.734480704128	0.6651454207867573	0.4424184307935925	22115711.596003525	4690.721818802871	3661.456941519416	0.8957899999999999	13.097419	0.035629233999999996	0.0218263	-0.104320256	0.0138218266	0.0265082684	-0.0059055712	-0.0393612314	-0.0203739629	0.0859969331	0.0563485475	-0.0031850346000000004	0.0050608892	0.11993601150000001	-0.034131803100000004	0.0998995729	-0.0338151186	-0.0788660449	0.0613474009	0.051629609400000005	-0.0409936022	-0.10887824539999999	0.0403888321	0.0780376394	-0.1009641867	-0.0213134192	-0.0026472006	0.0195342334	0.0206153917	0.060052461200000004	-0.0231727218	-0.0518150801	0.06446634700000001	0.0796888997	0.0037322239	-0.07062647080000001	0.022297341000000002	-0.1328552225	0.0057641356	-0.050597902	0.0680101424	-0.04403815269999999	-0.0643603065	0.0467865504	0.029259135	-0.0342141734	0.08209904700000001	0.0964677906	-0.0093215652	-0.12523903	0.023664383799999997	0.0083852891	0.1260848236	-0.0784386623	0.0325976167	0.0826319711	-0.0167128515	0.0217428127	-0.0853643974	-0.0043083706	0.0768095886	0.0089446215	-0.078128289	0.055143400700000005	0.0361739496	0.0201683509	0.0732514784	0.0495549255	-0.1633866293	-0.1594631432	0.0017708987	-0.026384709300000003	0.0246251784	0.0660190754	-0.0011065871	0.0818638765	-0.0655260172	-0.0902885478	-0.0018136439	0.0280342062	0.010809021799999999	-0.014710901299999999	-0.146479636	-0.0188179337	-0.0929403191	0.10868695630000001	0.046371528499999995	0.01118196	0.13353776779999998	-0.0022885272	0.0557804533	0.0726193525	0.0645810753	-0.0602993283	-0.055775959400000005	0.1227612449	-0.0433923171	-0.0214365541	0.0348536894	-0.0681082115	0.1230952078	0.0225634032	-0.0594810017	-0.053149685099999996	-0.0179166532	0.014927001100000004	-0.012843701599999998	0.0073836305	-0.0232100671	0.0570628571	0.0065544897	-0.0191913892	0.1304931949	-0.0190030626	0.0104776876	-0.11146767029999999	-0.0202093455	0.043100087	-0.0688592583	-0.0664664889	-0.015091961499999999	-0.1302127824	0.012158958999999999	0.0958091983	0.0472217005	-0.0363305504	-0.0029658451	-0.0041187635999999994	0.08027367519999999	0.0768478395	-0.09211192689999999	-0.0641260147	-0.0385275044	0.0489046294	0.017244198	-0.026276728399999998	-0.0699291834	0.0934058352	0.007555748599999999	0.0346854444	0.004883920900000001	-0.1081000984	0.0176381824	0.05730503150000001	0.1051146916	0.0430002837	-0.0124127382	-0.025547619100000002	0.107362845	0.0664561307	0.1019059196	-0.1072590581	0.0834862106	-0.0341099593	-0.09746519320000001	-0.068143034	0.048658191100000005	0.0197322905	-0.0541166399	-0.0273908812	-0.09960186369999999	-0.011389549399999999	-0.0921823909	0.0335126502	0.0841395995	-0.05370553980000002	0.0	0.0	0.0	-0.000542279	-0.003390169	2.94066513841e-07	1.1493245848561003e-05	0.065513	4.6699999999982866e-05	0.004291953169	2.1808899999984e-09	0.168615	-0.005188999999999971	0.028431018225000007	2.6925720999999705e-05	-9.62281e-05	0.00022436390000000006	9.259847229610001e-09	5.0339159623210016e-08	-0.0007860719999999999	0.0003155480000000001	9.957054030400008e-08	6.179091891839997e-07	6.41349e-05	-1.5540000000000193e-07	2.41491600000006e-14	4.113285398010001e-09	0.0	0.0
4512.71655189913	3.987954493340112	20364610.67778437	15.903781040951593	4776.985250191255	33.494629263877876	1121.8901895246238	22819588.080544803	4702.328056364394	-0.406424339734258	0.16518074392842752	22111889.149671733	4690.679237886936	3722.541799049468	0.8817709999999999	12.892449	0.03445577900000001	0.022178	-0.060778528	-0.026334717999999997	0.042556514100000005	-0.08655366619999999	0.0235378448	0.058085675999999996	-0.0567033324	0.0565914219	-0.0330985459	0.0168077834	0.0807766686	0.052088412599999995	0.034983211800000004	0.013630863100000001	-0.11709448039999999	-0.0084332019	0.0478507955	-0.0810227621	-0.1865859695	0.008397511600000001	-0.015240731	0.014436537	0.0462879046	0.013139071	-0.050998998	-0.0347470634	-0.0023840704	0.052940592800000005	-0.0320391101	0.0428525048	0.032168386800000004	-0.0794618187	-0.0443608489	0.040071636800000004	-0.018757418600000002	0.0192521139	-0.09053829099999999	0.0009859574000000001	-0.0522156936	-0.0435767332	-0.009992310400000001	-0.0043922341	0.0356257563	0.060410028399999996	0.0602518492	0.0122623109	-0.026204599199999998	-0.14496368199999998	0.061633325999999995	0.0734867234	0.0041975758000000005	-0.0825196734	-0.052918247599999996	-0.0300988981	0.09268370109999999	0.13627993189999998	-0.0689197725	-0.0040494024	0.0767646818	-0.09879236	-0.006690665500000001	0.045665801900000004	0.022706372599999997	-0.0519425936	-0.0535136388	-0.0292600786	-0.0192314239	0.0590323991	-0.0634439245	-0.0648168156	-0.055701670099999996	0.017972567	-0.0764685623	0.013891371299999998	0.0773112458	-0.0503521315	-0.0584679734	-0.047500548600000005	0.1005929899	0.030724556099999998	-0.0436270993	-0.0280429237	-0.049103769500000005	-0.13109823140000001	0.0308993129	0.1061115126	-0.0447868041	0.0079296806	-0.027899089199999998	0.0236565792	-0.0032054685999999997	-0.1220644958	0.1437025687	-0.0014300514000000002	-0.1296687727	-0.015156684699999999	0.0232538285	-0.005567268199999999	0.0150043729	0.0160592087	-0.06066439410000001	-0.0072062403000000014	-0.0883003649	0.0112599539	0.0417486583	-0.0245754533	0.0280543653	-0.0834194719	-0.0666748106	0.0517360278	0.023207949	0.0106889601	-0.0891742069	0.007856020699999999	0.0387365887	-0.011232611299999999	0.0115265725	-0.0458776442	-0.0137117693	0.036506696400000004	0.0104717356	0.0453432659	-0.0797794812	0.1018847073	0.0201767451	-0.0805357819	0.0694508836	-0.043280903899999994	-0.0060007889	0.08734926550000001	-0.0036986253	0.016199482	-0.0094871031	0.06367823639999999	0.19299795760000002	-0.014626809199999997	0.0777371279	-0.0006446774	0.0538457476	0.0016056016	0.010106647600000001	0.031165319700000006	0.005884214499999999	0.0500792233	0.0869702556	-0.0304954277	0.0201147213	0.0244585785	0.1057996408	-0.12686461699999999	-0.058596058099999994	0.0663297133	0.050662077199999996	-0.0708895814	0.0153628654	0.042463937699999996	-0.0247392323	0.1084140433	-0.0127218428	-0.0915055078	0.0372513456	0.0815196937	-0.059103992599999995	0.0	0.0	0.0	0.000457385	0.000999664	2.09201038225e-07	9.99328112896e-07	0.065443	-7.000000000000062e-05	0.0042827862490000005	4.900000000000086e-09	0.175092	0.006476999999999983	0.030657208464	4.1951528999999775e-05	-0.00045909	-0.0003628619	2.107636281e-07	1.3166875847161e-07	-0.000928806	-0.00014273400000000018	2.0372994756000045e-08	8.626805856360001e-07	3.15485e-05	-3.2586400000000004e-05	1.0618734649600002e-09	9.953078522499998e-10	0.0	0.0
4517.161283989853	4.444732090722936	20404746.06557685	19.755643358302287	4778.8782292387705	1.892979047515837	3.5833696743339654	22837677.12989229	4703.6552407778945	1.3271844135006177	1.7614184674389786	22124372.62409735	4693.900273688289	3775.846374923245	1.0412880000000002	15.224765	0.03662113499999999	0.0193406	0.00472272	-0.1010909324	-0.005681279	0.0215562296	0.009639373599999999	-0.0300410521	-0.0344930469	0.0215748098	-0.1031754309	0.0364468831	0.0644502349	0.0799656744	0.0089283088	0.007617790699999998	-0.0240342861	0.0123083146	0.0025630757	-0.0129733695	-0.0461349238	0.0236854751	0.0038385651	0.0036836521999999996	0.0664057288	-0.08563215699999999	0.025512238599999997	-0.1536335254	-0.0497175021	0.07568104469999999	0.0386786286	0.0076196534	-0.0213741542	-0.0089275977	-0.0188052227	-0.054642953	-0.061430119400000004	0.030612352599999997	0.06951121440000001	0.1285304849	0.034969930499999996	0.0155443176	0.035948936800000005	0.0469562381	0.07960354879999999	-0.0683074466	-0.0820316734	-0.0371860173	0.0453306158	-0.0852051019	0.0506870441	-0.0034433863	0.19714188649999997	0.037856596	-0.0063197836	-0.0596520769	-0.0978468099	0.0133472932	-0.0069064747999999995	0.015451814	0.1498273541	-0.0045672528	0.0566570167	-0.038594113	-0.0039028973	0.024404078399999998	-0.0564107286	-0.0997155236	0.0246130537	-0.09281034560000001	0.0918280084	-0.14671663470000001	-0.089459864	0.0689090888	-0.0221615375	-0.0085754185	0.0757459944	0.1282716875	-0.12109122539999999	0.10568133910000001	0.0658477056	0.0468676824	-0.0356328121	-0.0895154235	-0.10687675960000001	0.1452340631	0.0511282682	0.0439584666	-0.081879334	-0.0046685789	0.0184727325	-0.0117228282	-0.032116582000000005	0.0168904351	0.0156462943	0.005191945999999999	-0.012194111399999999	-0.0066132938	-0.026026208500000002	-0.0158678445	0.027799877999999997	0.1018231747	-0.0495691033	-0.1760453221	-0.09560382220000001	0.035252281	0.0197973373	-0.0362647768	-0.0541701562	-0.004000257100000001	0.0918302507	0.0316662715	-0.0799546322	0.0146253624	0.0570848384	0.0093411885	-0.06653396240000001	-0.0592219188	-0.0314193681	-0.0341842628	0.0390114564	0.1214920589	-0.0086177664	-0.0113303759	-0.011551346	-0.0538225659	0.0795222198	-0.08019882019999999	0.0364131136	-0.029620205400000002	0.0205459023	0.052726507699999994	-0.16467663429999999	-0.0772031494	0.0703435922	-0.026566020099999997	0.0152997999	0.0357360434	0.0112965177	0.11121169210000001	0.0136429623	0.09237857869999999	-0.0260565142	0.052931562300000005	0.015920652	-0.0256863771	0.0154591662	0.090980109	-0.17317327230000001	-0.10015457929999999	0.1462602726	-0.1409839273	-0.08045367980000001	-0.020788681399999998	0.07235874519999999	0.1317929715	0.1195264996	0.10117410619999999	-0.0589287379	-0.04973694769999999	-0.014051588600000001	-0.0907553302	0.0409229116	0.0786386558	-0.064206665	0.0	0.0	0.0	-0.00443943	-0.0048968150000000005	1.97085387249e-05	2.3978797144225005e-05	0.0654852	4.2199999999992244e-05	0.004288311419039999	1.7808399999993451e-09	0.165907	-0.009185	0.027525132648999997	8.436422499999998e-05	-0.000226785	0.000232305	5.1431436225e-08	5.396561302500001e-08	-0.0007860719999999999	0.00014273400000000018	2.0372994756000045e-08	6.179091891839997e-07	-4.33549e-05	-7.49034e-05	5.61051933156e-09	1.87964735401e-09	0.0	0.0
4519.526841894034	2.3655579041815145	20426122.87460066	5.595864198035638	4779.952217351307	1.0739881125364263	1.1534504658695557	22847943.20016168	4702.801934570887	-0.8533062070073356	0.7281314829172459	22116346.03580368	4692.961423152829	3784.0134560896886	0.8749809999999999	12.793170000000005	0.02375323	0.0136597	0.0274528066	-0.0878413193	-0.0042581579	-0.0453779956	-0.0222252698	0.015125292700000001	-0.08396783140000001	-0.04166402	0.0152787116	0.009132230600000001	-0.0255703913	0.1427721463	-0.057844715199999994	0.1039682912	0.0803511376	-0.0980752395	0.0372453914	-0.0011643425	-0.006154174399999999	0.011833171699999999	0.1326421305	-0.0385093417	-0.0759702871	-0.1472855171	-0.0106118742	-0.0207241242	0.055718061299999996	0.0352782364	-0.036177835	-0.1085755083	-0.0008804635	0.028955015499999997	0.0676744895	0.0386026309	-0.0220397581	-0.074086594	-0.0846627418	-0.0464210018	-0.0378320191	0.0050530572	-0.0619107671	-0.0330113732	-0.06583806	0.1650244642	0.10080947550000001	0.07655392280000001	-0.006516483399999999	-0.1012585067	-0.014458378999999999	-0.1319383578	0.028090726400000002	0.046104737699999995	0.1033410384	0.0282808827	-0.0269662288	0.012425927600000001	0.0430418019	0.0615482766	-0.043108761399999994	-0.1411091777	0.009019892199999999	-0.1079946425	-0.0222712204	-0.1048437393	-0.0042312831	0.029769236	-0.047803268200000006	-0.06780988639999999	0.1501540102	0.0021242357999999998	-0.042030806399999995	-0.1197590775	-0.0167867348	0.0892650426	0.036171004799999996	-0.0708948626	0.0003226651	-0.031138047400000007	0.035290275	0.0080190574	-0.038015077	0.0511019259	-0.09184142279999999	-0.0310176312	0.022223866600000003	-0.0160801483	-0.1055719593	-0.048709925	-0.1051694874	-0.1357939216	0.0031738014	-0.0184317971	-0.014433898	-0.0374559573	-0.0022322366	0.017368984599999998	-0.115787824	0.0759912595	-0.07407530679999999	0.091542632	0.045866084800000005	-0.0903178568	0.068028119	-0.1550751767	-0.0057483739	0.0663053945	0.0184635755	0.048408791799999996	-0.0792443557	0.0049679655	0.040470341800000004	-0.0674183925	-0.0262957713	-0.018211676200000002	0.0869787617	0.0326716573	0.0335160872	0.08245454719999999	-0.1222746218	-0.05656678480000001	-0.1450061683	0.12291191230000001	-0.0952013835	-0.040307717400000005	-0.0131318993	-0.0759657008	-0.0113863849	0.0519585524	-0.0005715811	-0.07942241900000001	0.0108012204	0.0749663661	-0.021853512999999998	-0.0360999786	0.0203079374	-0.0084258958	0.161782019	0.0210684373	0.036861694900000005	-0.0332959765	-0.013209291299999999	-0.0019876327	0.0726039505	-0.10352868230000001	-0.0616500896	-0.054923131900000005	-0.0894656738	-0.1333378727	-0.0093590671	-0.0096224703	0.0838566493	0.026070302000000004	-0.050945970300000004	-0.08684753619999999	0.0167672667	0.1316769377	0.0243154126	-0.044992317000000004	-0.0153785204	-0.0899324588	0.0445207318	0.0755057146	-0.0689880212	0.0	0.0	0.0	-0.004423300000000001	1.6129999999999617e-05	1.9565582890000007e-05	2.601768999999877e-10	0.0654874	2.2000000000077513e-06	0.004288599558760001	4.8400000000341054e-12	0.158754	-0.0071529999999999936	0.025202832516	5.116540899999989e-05	-0.000256992	-3.0207000000000007e-05	6.6044888064e-08	9.124628490000002e-10	-0.00098899	-0.00020291800000000007	4.117571472400003e-08	9.781012200999998e-07	5.51581e-05	9.8513e-05	9.704811169e-09	3.0424159956099998e-09	0.0	0.0
4519.676017295981	0.14917540194710455	20427471.301320463	0.0222533005460802	4809.315892338753	29.36367498744585	862.2254087683528	23129519.35230209	4702.413261248721	-0.3886733221661416	0.1510669513636653	22112690.479567833	4692.779919410675	3758.9683285629576	0.827586	12.100198	0.029913534999999988	0.015715	0.0231752054	-0.0431561996	-0.0370052843	0.030078773700000002	-0.0163233962	-0.0260352296	-0.0878235173	-0.0382909295	0.0157865289	-0.0235231677	-0.0377466889	0.0826417879	-0.023831543599999998	0.0775545265	0.0089303127	0.026433752799999998	0.0179396072	-0.054073189199999996	0.017993618700000002	-0.0627211808	-0.0078007708	0.0888349457	-0.1175389112	-0.0290904627	0.09908373779999999	-0.020918318	0.12274493880000001	0.1266458274	0.0397286997	-0.0664139664	0.0608404898	-0.0319560271	0.0859412014	0.0362018293	0.0140492396	0.1144125452	0.0938110034	-0.026309525499999997	-0.0509864079	-0.0815307559	-0.0581266612	0.09168695810000001	0.0123190814	-0.08379177639999999	0.07993585660000001	0.0084329775	0.067538633	-0.0657818228	-0.0233430284	0.1400882611	-0.0665772632	-0.0101801412	-0.0435530705	-0.0497921238	0.0164946482	-0.059914558	-0.044344753099999995	-0.0151882745	-0.0170534692	-0.0742888544	-0.14403362179999998	0.006200629599999999	-0.0679614094	-0.0341496152	0.0023595786	0.0828944057	-0.0263765734	-0.0555187533	-0.0017909787	0.013021913400000001	0.1151547539	0.0368669882	-0.1025328951	0.0284731212	-0.181570065	0.19369594829999998	0.0534054197	0.0591865766	-0.056816215499999996	0.0114388676	0.0617716277	-0.061209871	0.0726678448	-0.0711317119	-0.0189062197	-0.0342838482	-0.068298665	-0.025001022	-0.0325963231	-0.0205850776	-0.0596413911	0.0302809362	-0.0286753282	-0.027504700000000003	-0.0593230655	-0.0724246378	0.0156704878	-0.0461550601	-0.12217477410000001	-0.0088300972	0.1466054507	-0.0402532217	-0.07306948690000001	-0.12835165269999999	0.0538954421	0.0094283672	0.0052673178	0.04472552	0.0654623163	-0.0028868442	0.038763927999999996	0.1767721188	-0.0081952881	-0.023581124300000002	-0.0372743519	0.08128483730000001	0.024679262900000002	-0.1075905767	-0.0193385414	0.025834327999999997	-0.010136944699999999	0.08751746939999999	0.0266126467	0.1576471797	0.051059816200000004	0.0349321613	-0.0056305685	-0.0407788648	-0.0642692129	0.1041145236	0.0593466987	0.05332641	0.0099117111	-0.1121997191	0.0812547778	0.0276507163	-0.0529275349	-0.0949368692	0.0684117292	0.0409573971	-0.0774099447	0.0009877155	-0.0560046328	-0.0736575491	-0.0629536439	-0.056778309400000004	-0.024247222599999996	-0.0293902469	0.08552322359999999	0.1764103934	0.059810965199999996	-0.12440024949999999	0.0663880895	-0.0103045705	0.055137051299999996	-0.1735848552	-0.0465881768	0.0374995274	-0.0167023725	-0.08903755279999999	0.0480383225	0.0721309058	-0.0734241332	0.0	0.0	0.0	-0.00221261	0.0022106900000000013	4.895643012099998e-06	4.887150276100003e-06	0.0654725	-1.4899999999998248e-05	0.00428664825625	2.220099999999478e-10	0.168821	0.010066999999999993	0.028500530041	0.00010134448899999985	-0.00033913	-8.213799999999999e-05	1.150091569e-07	6.746651043999999e-09	-0.0007860719999999999	0.00020291800000000007	4.117571472400003e-08	6.179091891839997e-07	-1.22048e-05	-6.73629e-05	4.537760296410001e-09	1.4895714304e-10	0.0	0.0
4526.81959402361	7.143576727628897	20492095.63683608	51.03068846352117	4756.591475920243	-52.72441641850946	2779.864086672391	22625162.46879712	4703.261759888471	0.8484986397497778	0.7199499416572231	22120671.182029195	4693.6727383887155	3782.596317272955	0.8352139999999999	12.211741000000005	0.042441945	0.0281768	0.047147839500000004	0.0034275145	-0.0586978096	-0.049723263	-0.0545994421	-0.007243913399999999	-0.0342552164	-0.0770337861	-0.0284098775	-0.012629588	-0.0466895683	0.0109953938	-0.0022498988	0.0099582427	0.0491196401	0.04330109769999999	-0.0071656765	-0.058554814299999994	0.06036097820000001	-0.0045294891999999995	-0.0867843961	-0.066690456	0.0764315849	0.0598912784	0.014712635900000003	0.0448958488	0.0607410647	0.0887788832	0.1627024749	-0.009315120999999999	-0.0235505365	-0.0376523579	-0.029370372599999996	-0.055427878099999994	-0.08480011330000001	-0.0351407657	-0.0779050254	-0.0777971592	-0.0115429392	0.031440415299999996	0.053958107699999994	-0.07477849889999999	0.1206297107	0.0014213006	0.0287054148	-0.0985662513	0.0946793075	0.012771210900000001	0.027560326	0.0095299118	-0.06316076429999999	-0.08654530269999999	0.0774788506	-0.16196777869999998	0.0311580779	0.0199882139	0.0826135506	-0.0030025947999999998	-0.0869255917	0.013046931699999998	0.0383327927	0.0120099888	-0.0779695163	-0.036946785499999996	0.0114031238	0.0253046909	-0.0336096455	0.0501528042	0.015922323500000002	0.0330217975	-0.052452243899999994	0.0952924253	-0.0449785956	0.0178968626	0.0003823969	-0.0921131261	0.04797071	0.11916246009999999	-0.0806056975	-0.0460790466	0.0334321639	0.0360759385	-0.1147271292	-0.0781081376	-0.0124926321	-0.051968374500000004	-0.024969435	0.0179333844	0.008318174499999999	-0.0506287387	-0.0369165014	0.017544973000000002	-0.0048683547999999995	-0.005382761800000001	-0.0062255649	0.0663946244	0.10806323699999999	0.0006318831	0.0915737644	0.0322689012	0.1190153841	0.0840401256	0.00033711230000000003	-0.0166029316	0.1452564084	-0.0689917383	-0.0012602477	0.0018149067999999999	0.00021087569999999998	0.0671992465	-0.0226622723	-0.1248601126	0.0172997988	0.0069195775	0.0766011184	0.0047531871	0.0617809396	0.0255226481	0.030466976200000002	0.10277122609999999	-0.0235136737	-0.024160485899999997	0.08666751439999999	0.1143615254	-0.04366671900000002	-0.07089715419999999	-0.0393336828	-0.1270591828	-0.10951358259999999	-0.0107652676	0.1318640528	0.0241778538	0.025961343900000003	-0.0046044207	-0.0824747804	0.0585344142	-0.0042761933	0.061974135	-0.0137140771	0.0214002402	-0.1109919962	0.0114138936	0.0200634614	-0.028425802400000002	0.0268397758	0.0375214097	0.0367877119	0.09792009369999999	0.0006091069	-0.0586906329	0.1291752752	0.1026256947	-0.0276942858	-0.022989436499999998	0.0803497209	-0.0201007642	0.1501296933	-0.0044553307	-0.0180228799	-0.08807132890000001	0.051469345	0.0685250399	-0.077492801	0.0	0.0	0.0	-0.00222078	-8.170000000000052e-06	4.9318638084e-06	6.674890000000085e-11	0.0415721	-0.0239004	0.00172823949841	0.0005712291201600001	0.153784	-0.015036999999999997	0.023649518656	0.00022611136899999986	-0.000289212	4.991799999999998e-05	8.364358094400001e-08	2.491806723999998e-09	-0.0007860719999999999	0.0	0.0	6.179091891839997e-07	-3.22143e-05	-2.0009500000000002e-05	4.0038009025e-10	1.03776112449e-09	0.0	0.0
4521.599927365315	-5.219666658294955	20444865.903150026	27.24492002371602	4779.550221800804	22.95874588056085	527.10401240817	22844100.32271612	4703.108879249667	-0.15288063880416305	0.023372489721168958	22119233.130077057	4693.651689475651	3779.8896590800077	0.8453669999999999	12.360189	0.059141064999999986	0.0292449	0.0388716244	0.0472780529	-0.0524190562	0.036868818	0.0184641403	-0.0152172595	0.020088569299999998	-0.0771506501	0.0861489232	-0.025544042200000002	-0.0616755288	-0.0173392124	0.0068112734	0.0158120132	-0.039325683199999996	0.025062351099999998	-0.00653722	-0.1424346463	0.0665726322	0.0216408775	-0.0010824099	0.09985646769999999	-0.0234752254	-0.0253208633	-0.1131164544	-0.007316049	-0.083840809	-0.0069619152	0.0061073264	-0.0022621491000000002	0.0167954497	-0.0526944992	-0.0292088503	-0.0321226538	0.0078618742	0.0766112081	0.0661686412	0.1437886538	0.08202530820000001	-0.008648251800000001	0.0787353908	-0.0414907122	0.018536644799999998	-0.1066032088	-0.10473364289999999	0.0337187411	0.0472232242	-0.0556223175	0.0063219128	0.0331464785	0.0198636997	-0.1371326441	0.0470817303	-0.0183508232	0.0611065954	0.0374651287	-0.055149915199999996	-0.0111176118	0.0074169432	0.0944418375	-0.07528249740000001	0.0502014936	-0.0044607946999999995	-0.1171569915	-0.0224841808	-0.006210599200000001	0.0334833035	0.051032977699999996	-0.0230186975	-0.0534159728	0.0625932582	-0.0463229428	0.0013624173999999998	-0.0014758639	-0.027507768	-0.0111081205	0.07279011070000001	0.0119508098	0.0241068619	-0.08788999300000001	-0.0487021882	0.027421606499999997	0.0845581816	-0.1084226475	-0.0314758611	-0.062160633	0.0037827739	-0.0048973408	-0.04021385	0.045403582000000005	-0.0572155814	0.0932324739	0.08772241019999999	-0.0204981854	0.0020471427	-0.0288761188	-0.004670773	-0.1039443774	-0.1057262283	0.0807151585	-0.0529986646	0.0355073867	0.0048922049	0.0426482734	0.013749005	-0.0872533927	-0.0184049727	-0.0992921309	0.02774129	-0.038019824300000005	-0.049793224000000004	0.0563469847	0.0152902401	0.0456710824	-0.021444845	-0.1136244645	-0.0066035849	-0.0750251818	0.1628040851	0.0348719013	-0.052777644400000004	-0.027358476800000003	-0.029932290299999997	-0.0044389206	0.0248186727	-0.0005899917	0.038057682200000005	-0.0533990626	0.051076408399999995	-0.0472314734	0.03269012	-0.0487909271	0.0131250121	0.0020753339000000003	0.0162355287	0.045522540599999994	-0.0306692758	-0.017117407	0.1135711408	0.0333216759	-0.0012099787	0.0308402444	-0.0376577941	-0.0140290375	0.0650531096	0.0109571928	0.155680854	-0.0576072287	0.021550697799999997	-0.0146542809	0.1007644475	-0.0205773422	-0.0806963524	-0.07991886620000001	-0.0308483094	-0.10087908570000001	0.033226890499999995	0.050749698499999996	-0.0193397782	-0.08703456119999999	0.0548076162	0.06469966769999999	-0.0811736633	0.0	0.0	0.0	0.00781603	0.01003681	6.10903249609e-05	0.0001007375549761	0.0654336	0.023861499999999997	0.004281556008959999	0.0005693711822499998	0.162576	0.008791999999999994	0.026430955776	7.72992639999999e-05	-0.000492418	-0.000203206	2.4247548672399995e-07	4.1292678436e-08	-0.0007860719999999999	0.0	0.0	6.179091891839997e-07	9.35948e-05	0.0001258091	1.5827929642810007e-08	8.75998658704e-09	0.0	0.0
4517.367620445982	-4.232306919333496	20406610.21825379	17.912421859438187	4740.487654165788	-39.06256763501642	1525.8841902402326	22472223.19929825	4703.687858272677	0.5789790230101062	0.33521670908573703	22124679.4680618	4693.390130851028	3722.96894882392	0.873755	12.775249	0.027987920000000017	0.0160121	-0.009764406	0.0632449147	-0.07249226809999999	-0.0193648626	-0.01177505	0.0084740731	0.0717587167	-0.0346057845	-0.15906209529999998	-0.0013067888	-0.011987308	-0.0660274091	0.021461102200000002	-0.050992753700000004	0.0478102345	0.11326597	-0.0028151375	-0.1108623983	-0.07199760690000001	0.021533724100000002	-0.054083172699999994	-0.0412501619	0.0036107078	0.1159760344	0.0447447819	0.0347529906	0.0163269819	0.04011612	-0.1230989507	-0.042498513499999994	0.0194388047	-0.0014279492	-0.08554636310000001	-0.0393771464	-0.0034953994	-0.042357759	0.0599116894	-0.105738938	-0.056797371	0.0059449711	-0.0353628608	-0.0415315364	-0.0334934349	-0.0742580434	-0.0776862092	-0.09108606	-0.0382418797	-0.0359508544	0.0393499531	0.0269138952	0.049031162	-0.0100396314	0.040865929700000005	-0.000225795	-0.0615902865	-0.0309242577	0.013933808999999998	-0.0275903716	0.024591723700000002	0.0687333354	0.0267048269	0.1069161398	-0.09011662640000001	-0.081281956	-0.0378119224	0.0818810212	0.099998517	0.046582178200000005	-0.039850268700000004	-0.0020077446	-0.0862105231	-0.036431720099999995	0.08458023880000001	0.022769054700000003	0.0253877896	0.1114307789	0.0438410049	-0.0033859287	0.032285316	0.06822169410000001	0.0878660591	0.1447195801	0.1649478652	-0.0256626047	-0.0161042985	-0.0250068423	0.0755793084	0.0058531966	0.10341043949999999	-0.0376916149	-0.09062084039999999	-0.014914551699999999	0.0574567408	0.0170033749	-0.0761051987	0.0035779052	0.013088603	-0.0521003941	0.062415419800000004	-0.0706012828	0.0498631425	0.054236005700000006	-0.0574708415	-0.0188023352	-0.09556853929999999	-0.0045355139000000004	0.0541941108	-0.0647818049	-0.0500552071	0.0419090556	-0.005715901999999999	-0.0412855208	0.0077835627000000015	-0.0660996951	-0.0945101732	0.051576619299999994	0.0788004308	-0.0226320445	0.004108217	0.0187996227	0.0611188633	-0.0946980171	-0.0024874007999999997	-0.0087812909	0.045809216500000007	-0.013654181999999999	0.0266778083	-0.0256369668	0.00669768	-0.0422990753	-0.036410147999999996	0.0020675528	-0.0351690723	-0.0200404422	-0.06988378769999999	0.0598437807	-0.0781709972	0.1358858014	0.12006353199999999	-0.0307265925	-0.0836969872	-0.13551502769999998	-0.046892709299999995	0.0711147787	0.0572528429	-0.0147039158	0.031632602200000005	-0.0086847328	-0.0549209124	-0.0583342778	0.0221253566	-0.0635971843	-0.0107309957	0.040709937599999996	-0.15603081900000002	-0.08650132599999999	-0.0896985878	0.12726325289999998	-0.0206528034	-0.0859280801	0.0580471204	0.060667043	-0.08444829960000001	0.0	0.0	0.0	0.00178312	-0.00603291	3.1795169344e-06	3.63960030681e-05	0.0654731	3.950000000001175e-05	0.004286726823610001	1.5602500000009284e-09	0.15321399999999996	-0.009362000000000035	0.02347452979599999	8.76470440000007e-05	-0.000297507	0.000194911	8.851041504900002e-08	3.7990297920999984e-08	-0.0007860719999999999	0.0	0.0	6.179091891839997e-07	0.00014975399999999996	5.615919999999996e-05	3.153855744639996e-09	2.242626051599999e-08	0.0	0.0
4514.914014685901	-2.4536057600807912	20384448.56000716	6.020181225901634	4757.383467154069	16.89581298828125	285.4684965349734	22632697.45355087	4705.038192971589	1.3503346989118654	1.8234037990853984	22137384.39732135	4693.658590758624	3696.2452503030336	0.8941459999999999	13.073389	0.023728170000000017	0.0145789	-0.043055918	0.07381789030000001	-0.0504722683	0.0033998566	0.0287622171	0.022952119	0.0860482967	-0.027776279700000003	0.0198958685	0.0081730302	-0.0047105827	-0.0741948224	-0.0230437132	0.0381531282	0.0048697917	-0.049626808099999996	0.0293591455	-0.10945035480000001	0.04526919	-0.047189078899999994	0.0134319658	0.09175065460000001	-0.0289681007	0.0105887875	-0.030306205099999997	0.09103903070000001	0.0731034528	-0.0595112532	0.07218245400000001	0.08469351539999999	-0.0485780638	0.0870310166	-0.0184216145	0.058397254100000004	-0.0167308873	0.021110684900000003	0.07643395110000001	0.054894866699999996	0.1034733639	0.0550017136	0.008067984	-0.021843797	-0.014688904099999999	0.0659385492	-0.0245023523	0.0269204177	-0.0040711835	-0.1446426868	-0.11177909609999999	0.0634356435	-0.1064872156	-0.0924831123	-0.0500287836	0.1294791657	0.084769596	-0.0307476681	-0.031196171800000002	-0.01064665	-0.0589404699	0.0436403767	-0.0524466046	0.11912604480000001	0.0793373757	0.01803602	0.12246908220000001	0.0356773527	-0.012872868899999999	0.0220604061	0.0093125296	-0.0928408776	0.08824230599999999	0.1782646555	0.1044241716	0.0895899786	0.1518359492	-0.1267151239	0.001132392	0.08815078039999999	0.0314586952	-0.0941239824	-0.0722025863	-0.0085388746	-0.0632770046	0.045090108200000006	-0.015458009699999999	-0.0086687496	0.12649427230000002	-0.027077954700000004	-0.0832759078	-0.0054845319	-0.0076688842	0.0895190318	0.0761946192	-0.0546002668	0.0153705593	-0.0490818191	0.0472840724	-0.0039753152	-0.0973489828	-0.0805092831	-0.0604366313	0.0970446714	0.0013871634	0.0016512423000000001	0.0378569276	0.0067910832	-0.1032081461	0.08337422309999999	-5.68869e-05	0.0381753123	0.024254764300000002	0.0384892191	0.0409703758	0.0561202846	0.0112472168	-0.0263770378	0.009077934499999999	0.0575914234	0.0501120464	0.0130835233	-0.0037489898999999998	-0.0030215757	-0.1648759197	0.1049075907	0.0449916937	0.15451205769999998	0.0102682142	0.0452981247	0.058767281799999994	-0.0047853947999999995	0.09969897380000001	0.0043061084000000005	-0.045591964400000004	-0.0346530885	0.0215015645	-0.0855864347	-0.09711717789999999	-0.1273832432	0.0316807707	-0.0322098399	-0.028101440499999998	0.10530113960000001	-0.0135745199	-0.0946297375	0.1062210558	0.018559033200000002	0.0084521843	0.050463836500000005	-0.1407022393	-0.07354459070000001	-0.0094995255	0.129749563	-0.0568143675	0.0726545792	0.0117006488	0.059648863499999996	0.0500854339	0.1218986983	-0.0219616929	-0.0847527718	0.061182019800000015	0.0564400834	-0.0873003222	0.0	0.0	0.0	-0.00219	-0.00397312	4.796099999999999e-06	1.57856825344e-05	0.0654548	-1.830000000001275e-05	0.004284330843039999	3.3489000000046665e-10	0.165184	0.011970000000000036	0.027285753856000003	0.00014328090000000087	-0.000391767	-9.425999999999991e-05	1.5348138228899994e-07	8.884947599999986e-09	-0.0007860719999999999	0.0	0.0	6.179091891839997e-07	8.867899999999998e-05	-6.107499999999998e-05	3.730155624999997e-09	7.863965040999997e-09	0.0	0.0
4517.260363651254	2.3463489653531724	20405641.19301466	5.5053534672139035	4742.941627003929	-14.441840150139795	208.56674692218982	22495495.27716668	4704.900104847425	-0.13808812416391447	0.01906833003510866	22136084.996593308	4693.1151837374355	3679.305458654612	0.946405	13.837461	0.03369611499999997	0.016435499999999995	-0.08872051460000001	0.07378653240000001	0.018658865900000002	-0.030389962599999997	-0.0238056392	-0.0809025785	0.1351118192	0.039186417	0.0348352804	0.0181902322	0.086485471	-0.0694070807	0.0307815539	-0.044389062800000004	0.0012902488	0.1255949781	0.0917640027	-0.0170635339	-0.029084498900000002	-0.0369027551	-0.10041767230000001	-0.1051321575	-0.0420430605	-0.0228267959	-0.0580254389	-0.1195286074	-0.1466411832	0.0165964825	0.0978340916	0.1155540488	0.005285606	-0.0123327198	-0.0811155552	0.00043448980000000004	0.0043489715	-0.0690243072	0.0084054118	-0.14997898869999998	0.0445792297	0.0361693409	-0.1097689572	0.0924991626	0.07013834	0.0663769681	0.0633228221	0.0120578703	0.041833301499999996	-0.0568365946	-0.0510280855	-0.0027429716999999997	0.0348548138	0.09968192460000001	-0.0780233224	-0.0782574642	-0.08656636919999999	0.0318514454	-0.0249469201	-0.0157221734	0.051530005	0.0395285075	-0.036006747900000004	-0.027380066600000003	0.0804953829	0.0657866842	0.0850147709	0.0016214313	0.0318205807	-0.0111950197	0.04134266	-0.0065043753	0.0398289431	0.028363799300000006	-0.060802731	0.0768609276	-0.038002532900000004	-0.0232112275	-0.0253630741	0.1288191324	-0.0332503653	0.1501912808	0.0646971397	0.0071510422999999995	-0.0072344502	0.1166564715	0.0153662314	0.08518438689999999	0.053809585	0.029635522200000007	0.12033367439999999	0.0385580103	-0.039049051800000005	0.029914412400000007	-0.0219586523	-0.09253635980000001	-0.0968469339	0.09857827710000001	-0.0017954705	0.06147094	0.0387148141	0.0215106477	-0.0450463135	-0.0127735003	-0.033039848	0.1463566499	0.0786276124	-0.0539500833	-0.05896003230000001	-0.054496196799999994	-0.0426200453	0.0462987241	0.13796886449999998	-0.04909689440000002	0.1686394765	-0.023332034900000003	-0.0071486371999999986	0.11424766289999999	-0.0525260225	0.0411359746	-0.014824251	0.0677903123	-0.0196891997	0.0678385956	-0.0489710685	0.0343411056	-0.0205115017	-0.0473837092	-0.0168129494	0.053957391699999996	-0.116599705	0.08743175019999999	-0.0905745425	-0.06856750980000001	0.0578570364	0.021655888300000002	-0.0069466510999999995	-0.0707751561	-0.0759461755	-0.026862765299999997	0.001658905	0.0036782345	0.0595626777	-0.010967538	-0.005702543199999999	-0.031496028100000004	0.0133723512	-0.036410701000000004	-0.1509176965	0.0463743805	0.0032002832	0.09199962910000001	0.0683000268	0.0862167488	0.0887031672	0.0718135578	0.0345348067	0.0564433368	-0.0450311657	-0.0022921029	-0.023266184300000003	-0.08350957769999999	0.064206665	0.0520323292	-0.0897154585	0.0	0.0	0.0	0.00777425	0.00996425	6.04389630625e-05	9.928627806249997e-05	0.06301559999999999	-0.0024392000000000025	0.003970965843359999	5.949696640000012e-06	0.159064	-0.006119999999999986	0.025301356096000004	3.745439999999984e-05	-0.00019468	0.00019708699999999995	3.79003024e-08	3.884328556899998e-08	-0.0007860719999999999	0.0	0.0	6.179091891839997e-07	-1.76873e-05	-0.00010636629999999997	1.1313789775689996e-08	3.1284058129e-10	0.0	0.0
4518.73891856806	1.4785549168063883	20419001.41418164	2.186124642012345	4789.312113751063	46.370486747134244	2150.222041166152	22937510.52292268	4705.697125536228	0.7970206888030589	0.6352419783801024	22143585.43727992	4694.5554124807895	3734.253885527697	0.958601	14.015783	0.010624719999999995	0.00642555	-0.06672956099999999	-0.006616405400000001	0.06758845570000001	-0.08569900789999997	0.0804187142	0.0961527202	-0.023276550899999998	0.1514180755	0.0289942706	0.0685445841	0.1270718233	0.0115846283	0.06096199240000001	0.0340092902	0.0713680183	-0.0267819735	0.0362280886	0.07386503629999999	-0.0974535074	0.0025756164000000003	-0.0141482532	0.0016751360999999998	0.152839766	0.0728366871	0.090274748	-0.022643054300000003	-0.07085669	0.0453027234	0.009829996700000001	0.05840236450000001	0.0295321173	0.037210880099999996	-0.0311686498	0.0777217851	-0.0078201338	0.079078682	0.0272182879	0.005454043299999999	-0.072675934	-0.1069280086	0.0551511016	-0.0593369071	0.073915095	-0.0495027058	0.0268299772	-0.0313704731	0.0020393078	-0.0410454594	-0.0708988262	-0.144921764	0.1200859197	-0.0364455171	0.10445936289999999	-0.0093039351	0.0205776515	-0.021168017200000003	-0.0375588943	-0.0904370816	-0.0973373817	0.0769713523	-0.0095399197	0.0518655037	0.018797739299999998	0.09055452130000001	-0.0191963251	-0.0186425366	-0.0217613654	-0.1457606252	-0.041276115499999995	-0.0365499411	-0.010079252700000001	-0.032378880299999996	-0.0401726577	-0.0344770495	-0.1077883292	0.105196555	0.13494599710000002	-0.022245441	0.029399994199999998	-0.0835171636	-0.058802969299999994	0.0208125652	-0.0183156763	-0.016802025	0.074212157	0.1176332206	0.0125552851	0.043418591500000006	-0.028050553	-0.0898341507	-0.0107354364	-0.1227956225	-0.0461600783	-0.008148141	0.0212325071	-0.0278206325	0.0673198067	-0.0005984361	0.1332667485	-0.051243315	-0.0408861384	-0.0628404166	-0.0788479216	0.0755418897	-0.024991789700000003	-0.06323574059999999	-0.011383558700000001	0.0365680307	0.0420055788	0.064196112	0.015282365800000001	0.0683937531	-0.0707346847	-0.0869418601	0.056326303200000004	-0.0292801086	0.0438607547	-0.0887591317	0.0585839096	0.0959341077	-0.0272849958	0.0552525604	-0.0333721586	-0.0865186659	-0.06159140940000001	-0.12994941640000002	-0.0722142238	-0.043479240599999996	0.0773376394	-0.08713780869999999	0.0099980575	0.0507967875	0.0432407328	-0.0009491597999999999	-0.0206105189	-0.026491305	-0.1339840826	0.0012665111	-0.04552767059999999	-0.0115235147	0.06761833440000001	-0.006166850799999999	-0.0357066196	0.0407764613	-0.07289849179999999	0.0414751336	-0.0182481395	-0.0737608305	0.0497208237	0.0324694979	0.0464267201	-0.10893974320000001	-0.020265506200000002	-0.0801456767	-0.043906296799999994	-0.1248344201	-0.0129595426	0.026076297400000004	-0.0245660166	-0.0821994937	0.0671156055	0.0474578998	-0.09168162210000001	0.0	0.0	0.0	0.007773559999999999	-6.900000000011065e-07	6.0428235073599974e-05	4.761000000015268e-13	0.06547740000000002	0.0024618000000000283	0.0042872899107600036	6.060459240000137e-06	0.16314	0.004075999999999996	0.026614659600000003	1.661377599999997e-05	-0.000275457	-8.0777e-05	7.5876558849e-08	6.5249237289999996e-09	-0.0007860719999999999	0.0	0.0	6.179091891839997e-07	-1.86349e-05	-9.476000000000008e-07	8.979457600000018e-13	3.4725949801e-10	0.0	0.0
4514.107490917009	-4.631427651051126	20377166.439553056	21.450122086920953	4811.184871651911	21.872757900847322	478.4175381890788	23147499.86921221	4705.32642511935	-0.37070041687820776	0.13741879907367702	22140096.76692644	4695.741052895317	3793.745752159001	1.099855	16.081078	0.036633345	0.0193361	-0.0012837232000000001	-0.1319906932	0.0025748353	0.053040214599999996	0.0336506385	-0.0030651582	-0.0536534718	0.1376296055	-0.0229656516	0.0565518086	0.061393755700000004	0.1038807266	-0.0177381132	-0.007279333499999999	-0.021777869300000002	0.0342417572	-0.0361899498	0.0350199786	-0.0459931152	0.009660039	-0.0321947683	-0.0336605084	0.1098955117	-0.0826828801	0.058205671699999996	-0.059870498099999996	-0.0010254065	0.1247889635	-0.0293933485	-0.17840093399999998	-0.0023631036	-0.0184497352	-0.0458178218	0.0768858772	-0.0115390789	-0.04457223230000002	-0.1223716551	-0.0486795981	0.0247495059	0.1390191815	0.022476514700000002	0.0419480537	-0.051997512	-0.09944560300000001	0.0735546617	0.0241527854	-0.050531959	-0.0164001918	0.069836852	-0.0635491586	0.0249017831	0.0748072119	0.0086393256	-0.028992201800000002	0.08739305039999999	0.0046360451	0.011017086399999999	-0.027742915	0.0671379441	-0.045249035599999994	-0.0697743676	-0.0492782943	0.022593064700000002	-0.009168515	-0.0162500525	-0.0444948053	0.0699945156	0.0156229972	0.08518815519999999	-0.0428184978	0.083237463	0.0256038854	-0.1056507849	0.0045470748	0.0469077683	-0.049024128	-0.0347905977	0.0481592911	-0.0557418774	0.0100468134	0.059406889299999995	-0.15187227820000002	-0.036487428100000004	-0.0429726963	0.0719533456	0.045399729400000005	-0.0785775309	-0.055823066399999996	0.045849542	-0.024607185400000002	-0.0404471655	-0.0521880882	0.0087543572	0.0633172556	0.0171392018	0.0203618874	0.08724123019999999	0.0032824898	0.0803931262	0.1403446441	0.0568236251	-0.1423322206	-0.07508139309999999	-0.07620225480000001	-0.050651626500000005	-0.005342241899999999	-0.0278637956	-0.0010700088	-0.1053198446	-0.005827201999999999	0.0005434688	-0.020984407599999998	-0.0544531531	0.0478268937	-0.1215782783	-0.0647126738	0.0374698301	0.0855444543	-0.0536381388	-0.0532468046	0.07194589059999999	0.0586289605	0.0661797849	-0.026029155	0.0179129525	-0.0973262574	-0.0457169044	0.021970759700000002	-0.014323384199999999	0.0134950445	0.012041714399999999	-0.0175807052	-0.0439821015	0.053398713	0.0623164237	0.0147066659	0.0245212069	-0.050637513700000004	-0.0059808839	0.0808459329	0.0634480772	0.0369546694	-0.0775746472	-0.10094312039999999	0.0183364861	-0.1561371109	-0.0396990227	-0.0113754357	0.0740669558	-0.0046580139	0.0375006246	0.0779517805	-0.0192267123	0.0409027395	0.1144305917	-0.0134283324	-0.0093831717	-0.0310761877	-0.0258609294	-0.080823569	0.0699035991	0.0427314484	-0.09318897359999999	0.0	0.0	0.0	0.0103352	0.0025616400000000017	0.00010681635904000003	6.561999489600011e-06	0.0482698	-0.017207600000000017	0.0023299735920400003	0.00029610149776000065	0.170578	0.007437999999999999	0.029096854084000007	5.5323844e-05	-0.00019468	8.0777e-05	3.79003024e-08	6.5249237289999996e-09	-0.000786073	-1.0000000001241657e-09	1.0000000002483306e-18	6.17910761329e-07	8.91092e-05	0.0001077441	1.1608791084810002e-08	7.940449524640001e-09	0.0	0.0
4506.509799700648	-7.597691216361453	20308630.574797973	57.72491181917599	4817.6108005263595	6.4259288744488	41.292561899474826	23209373.82534823	4700.316866073939	-5.009559045410242	25.09568182945157	22092978.64149914	4691.470262941146	3701.9147439482094	0.942929	13.786651	0.01508353	0.00751233	-0.033332641	-0.08129406980000001	-0.09917245150000001	0.07550969639999999	0.0006310517	0.0551986759	-0.052754658600000004	-0.0247233806	0.0764131092	-0.01518106	-0.014656315100000001	0.11214763650000001	-0.0937572099	0.035156930499999996	0.0905454225	0.0156880486	-0.029041991200000002	0.0092119737	0.0507637187	-0.025611706499999998	-0.0354073482	-0.0649220715	-0.0948869879	0.0602692976	0.1547077382	-0.0327896251	-0.052099001299999996	-0.0128785598	0.0147246453	-0.0563172049	0.050819313600000006	0.0299554512	0.056666821299999996	0.0659762616	0.07466552280000001	-0.0610942848	-0.027734646	-0.0490115475	-0.0075130689	-0.026111934399999998	0.0153248732	0.0974076608	0.0197927317	0.026041127799999998	-0.0274494435	-0.0020042438	-0.09293807359999999	0.0043007453000000005	0.027978129900000002	-0.0346412617	-0.016145821299999998	-0.1411049856	-0.0590134377	-0.0495777122	0.0949006799	0.066371975	-0.008982794	0.06507342740000001	0.0816190037	-0.0024876905	0.0160373415	-0.05648794450000001	0.036756427200000004	0.043456155700000006	0.0251107907	-0.11993096810000001	0.1563457825	-0.011533635700000001	0.0871736191	-0.0202178576	-0.0324518793	0.0045488812	0.0195583576	-0.1275403956	-0.11096559880000001	-0.0440341551	-0.027657748500000003	-0.0013056628	-0.0338083108	0.048711348200000004	-0.018133130900000002	0.0402974755	-0.0207193624	0.0472207984	-0.008415527800000001	-0.0323190646	-0.0661947934	-0.1127454175	-0.021230013399999997	-0.08474109519999999	-0.023414372000000003	0.080685592	-0.0734310558	-0.0054790507999999995	-0.0313724427	0.014917574199999999	-0.0244810169	0.0373031219	0.0390817213	-0.0689752672	0.1672369275	-0.0405661774	-0.021587101600000002	0.029230368399999998	-0.050977069400000005	0.0086779335	0.0009236947	0.066063991	-0.0338335171	-0.08818112269999999	0.047927035	0.0376590433	-0.0277580373	-0.029227978300000002	-0.025520794500000003	-0.000127727	-0.0739319487	-0.010490689499999999	-0.0151026809	-0.053732965099999995	0.07060172769999999	-0.08847272710000001	-0.0856575638	0.0898604306	-0.10016349810000001	-0.097986546	0.0444164041	-0.0055484304	0.0357320208	0.0447108057	0.0291965048	-0.1001993582	-0.0154830423	0.086632666	0.0401186924	-0.0172743601	0.0686258941	0.0164601627	-0.06256623019999999	0.021279296800000003	0.118481714	-0.1424999443	-0.04819121480000002	-0.1099722635	-0.0251275371	0.087070805	0.0363494761	-0.055000095199999995	0.0134672607	0.015422510700000001	-0.005162917800000001	0.031198587599999997	0.07917947780000001	-0.035394372	0.0186094348	-0.0179572153	0.0593124688	-0.0740269891	-0.0271506633	-0.0793829058	0.0725656218	0.0378681153	-0.0942299696	0.0	0.0	0.0	0.00778646	-0.002548740000000001	6.06289593316e-05	6.4960755876000026e-06	0.0433839	-0.0048858999999999994	0.0018821627792100003	2.3872018809999986e-05	0.173189	0.0026110000000000018	0.029994429721	6.817321000000013e-06	-0.000251418	-5.6738000000000005e-05	6.3211010724e-08	3.219200644e-09	-0.000786073	0.0	0.0	6.17910761329e-07	0.000133129	4.4019799999999995e-05	1.93774279204e-09	1.7723330641e-08	0.0	0.0
4507.5759070740505	1.0661073734027011	20318240.55803445	1.136584931623607	4751.617530974475	-65.99326955188461	4355.111626147702	22577869.16066397	4698.469133070257	-1.8477330036821515	3.4141172528962653	22075612.19441397	4688.549639987546	3664.318056770525	0.920656	13.460983	0.04658691000000001	0.028641500000000007	-0.0538925417	-0.0022784695999999998	-0.1368151096	0.0809292778	-0.06669275200000001	-0.0061962416	0.0163558721	0.0193137759	-0.0938101556	-0.0733164122	-0.0236116912	-0.0405585192	-0.0448266171	-0.062100177699999995	-0.0278673059	0.0999502536	0.0116835032	-0.0241095803	0.0200073505	-0.023167786	0.0090323677	0.025794615	0.007449694399999998	0.1222172901	-0.0098213041	-0.0866298626	-0.10303328789999999	0.0963537039	-0.08920954119999999	-0.0076274654	-0.0147963632	-0.14066586650000001	-0.0238181877	0.1029169224	-0.0068769916	-0.0729488037	-0.0663163598	-0.1198278066	-0.1032567875	0.010748621699999999	0.05835174200000001	-0.0830377283	-0.0928941196	0.0309891506	-0.0275715913	-0.0088625439	0.0257151512	0.06404502620000001	-0.0387783466	-0.0102551641	0.0650340177	0.1242777009	0.026407842999999997	-0.1030690686	0.01811853	0.0120108679	0.0046829604	0.0593310474	-0.018887988999999997	-0.054413416900000004	-0.0791581561	0.1466699543	-0.0072865071	-0.0189470874	-0.0208576194	-0.0450768137	0.0338933419	-0.0011707851	0.063113212	0.0679834535	-0.0674508526	-0.0047906067	0.09901628119999999	-0.041221885	0.004896505	-0.011940146899999999	-0.037387118999999996	0.0637072384	0.008570524599999999	-0.1138013665	-0.054641952699999996	-0.0398787555	0.0465797728	0.014371701499999999	-0.078842013	-0.0191858152	0.0100902912	-0.0377790726	0.11229783310000001	0.0539552217	-0.0253598204	0.0097470745	-0.0155242499	-0.0115124493	-0.060997675099999996	-0.0357832048	-0.023352934300000003	-0.0910421826	0.08992595810000001	0.0730450536	0.0734181461	0.013345785700000001	-0.0880565264	0.1013550177	0.0144810972	0.053769278600000005	0.0715019954	-0.1161015915	-0.1737189907	0.0618793581	0.0290348598	0.0331297833	-0.0651768264	-0.11043310960000001	0.0397197662	-0.009328025600000001	0.027244772400000002	0.06580810200000001	-0.0174398224	-0.0647285791	-0.0459906185	-0.049924068499999995	0.0131333656	-0.1747848194	-0.030973319300000007	-0.0321797418	-0.0254446291	-0.0628888008	-0.1162233419	0.0491555593	0.028180938	-0.0092713489	-0.0431242567	-0.032334885099999995	0.0176480166	0.06897506169999999	-0.0343445202	-0.0161239706	0.0878636871	-0.0507705039	0.0209578836	-0.0706017034	-0.046535114	-0.0002050482	-0.0060815727	0.0434073378	0.0301525945	0.0356727539	-0.051504859900000005	-0.0386113708	-0.0655327176	-0.044586981399999996	-0.025558294199999998	0.0662879176	0.15538210759999999	0.0264021787	0.05298667940000002	-0.031111293199999997	-0.0284349602	-0.077878658	0.0750968762	0.032883479199999996	-0.0947994005	0.0	0.0	0.0	0.007729899999999999	-5.656000000000151e-05	5.9751354009999975e-05	3.1990336000001693e-09	0.0654913	0.022107400000000003	0.00428911037569	0.00048873713476	0.16964300000000002	-0.0035459999999999936	0.028778747449000008	1.2574115999999955e-05	-0.00019468	5.6738000000000005e-05	3.79003024e-08	3.219200644e-09	-0.000460687	0.000325386	1.05876048996e-07	2.1223251196900002e-07	0.00016854400000000002	3.541500000000001e-05	1.254222225000001e-09	2.8407079936000007e-08	0.0	0.0
4511.2880326245095	3.7121255504589503	20351719.71330112	13.779876102370162	4683.305287090215	-68.31224388426017	4666.562664502641	21933348.41208716	4697.383140607962	-1.0859924622955075	1.1793796281626598	22065408.36966792	4686.464141286346	3652.328773360456	0.893424	13.062825	0.03334955999999998	0.0223017	-0.0684173455	0.0751623439	-0.12044799210000001	-0.0648894385	-0.1141159693	0.08018164650000001	0.0119910274	0.0149946692	-0.0702197176	-0.1116470423	0.021182998300000002	-0.0544558447	0.059560468099999986	0.0415944406	0.0737557092	0.0729995889	-0.04766360730000002	-0.0519314016	0.026561527	-0.0434320325	-0.0321283397	0.0185869641	-0.0684164029	0.0604971928	0.0414827879	-0.0212471876	-0.09921345880000004	-0.0733587896	0.0018233398999999999	0.08075233150000001	0.067502217	-0.14907486150000002	0.0679590029	-0.0089245205	-0.060870792199999996	-0.0001705735	-0.0451997108	-0.1039474703	0.0118775645	-0.0691721664	-0.042029000899999995	0.0624005147	0.0878701607	-0.0698735018	0.060337757199999995	-0.0145051454	-0.10419769429999999	0.008217650200000001	0.0141612245	0.1211737659	0.1287947611	-0.10373603630000001	-0.005224655999999999	0.163544252	-0.0473610835	-0.05285028889999999	0.0051947182	-0.11914036369999999	0.0049417745	-0.0485666386	-0.0316260102	-0.0500910293	0.0788315114	-0.12900562570000002	0.00176963	0.0792045712	0.0649929924	-0.036841634	-0.0163152994	0.0790554259	0.0766683341	-0.0887441206	0.0063581428	-0.027901397799999998	-0.0341775804	-0.0114654753	-0.037514377599999996	-0.0028987557	-0.11174433060000001	-0.062425517300000004	0.0143800052	0.0620654219	0.0528489142	0.0955290951	-0.1286074928	0.0092143035	0.0651187875	0.0635124926	-0.0023113001	-0.0433292533	-0.1154224405	0.0539610213	-0.0229809823	0.023817457599999998	-0.0478757793	-0.0316405532	0.0170457526	-0.0309715643	-0.0145918778	-0.004533737899999999	0.0946318685	0.0193544426	0.034301159	0.1316997101	0.0353148533	0.036910783100000004	0.1152675277	-0.0119201846	-0.0953997962	0.0067594611	-0.002333677	0.0351581209	0.0955741122	0.0267251519	-0.0685740664	0.026092613599999998	-0.0665379732	-0.1212834942	0.0088530387	0.0553469357	0.1334559012	0.09299227019999999	-0.0270272166	0.0485634169	-0.048957173	-0.014553954	0.12293151960000001	0.0066354618999999995	0.1420451023	0.023846337000000002	-0.10586023119999999	0.1479843334	-0.0443248984	-0.001648291	-0.0601295959	-0.0856758326	0.0184245634	-0.047622461500000005	0.0763672691	-0.0566038646	-0.0083440635	-0.0701865526	0.1129286723	0.0122290977	-0.0337575975	-0.0949589027	0.0666303389	-0.0186431991	-0.0204746119	0.0637006687	0.0102193199	-0.033942254399999996	-0.0411003557	0.151336198	-0.1199904566	0.0048839551	0.1163815592	-0.026501536000000003	-0.0297135627	-0.0763120305	0.077492801	0.0277935075	-0.0948944166	0.0	0.0	0.0	0.00784406	0.00011416000000000117	6.15292772836e-05	1.3032505600000268e-08	0.0654927	1.3999999999986246e-06	0.00428929375329	1.9599999999961494e-12	0.166293	-0.00335000000000002	0.027653361849000004	1.1222500000000134e-05	-0.00019468	0.0	3.79003024e-08	0.0	-0.000786073	-0.000325386	1.05876048996e-07	6.17910761329e-07	0.000440838	0.000272294	7.414402243600001e-08	1.9433814224400003e-07	0.0	0.0
4519.663911232266	8.375878607756931	20427361.87049535	70.15534245188019	4703.435064283284	20.129777193069454	405.2079298426193	22122301.4039295	4698.1196599118875	0.7365193039258884	0.5424606850554752	22072328.33885059	4686.043784140544	3669.5097282163338	0.9877570000000002	14.442077	0.06813419999999999	0.034247	-0.0735100369	0.0778818147	-0.0374848592	-0.0559872744	-0.1225299075	-0.0427954634	0.0944880412	0.0030301767999999997	0.053520920199999995	-0.1016813193	0.047475035	-0.0989892025	0.11578878109999999	0.0241364175	0.026079622900000002	0.0626197677	-0.1138197816	-0.0019463237	0.021582584	0.0311365046	0.0190053977	-0.0299917825	-0.0334948878	0.1397941516	0.005427724300000001	0.0006457811	-0.0505963646	-0.0031361127	-0.0008787217999999999	0.025864638399999997	0.0515218201	-0.050242288600000004	-0.0648306386	-0.0060363332	0.0165125736	0.0043001908	-0.0424399191	0.031907041000000004	0.0789833401	-0.047413423499999996	-0.06988955940000001	-0.10697916390000001	0.0358190534	0.0493379794	-0.1280084682	0.0629712237	0.0124914239	0.0692574136	-0.0532963096	-0.0209775656	0.0041637485	0.01774674	0.0419368918	0.0712615663	-0.0667447878	0.0350243147	0.0766558194	0.1525976265	-0.059415561900000004	-0.0976509203	-0.0234805402	-0.0461885117	-0.040580658900000004	-0.0655415051	-0.05431289809999999	0.0006810381	0.0868508153	-0.060206646100000004	-0.0711163867	0.0741026734	-0.0237104511	-0.09554191390000001	0.0108162706	0.0804285045	-0.0083519947	0.043443815	0.058648587	0.0025712004	0.0128101143	0.07844311059999999	0.0148736679	-0.0626495657	0.0268585859	0.048997304400000004	-0.1007706047	0.07518873	0.0317583374	0.10983788609999999	0.0042853437	0.07536796009999999	-0.083192498	0.0640103204	-0.021630519100000002	0.0854792435	0.03643825	0.0263080461	-0.0887693373	0.0025639746	0.0495424916	-0.1145473618	0.041957008899999995	0.0611422237	-0.0032676804	0.0518383571	0.0288220963	-0.1091294853	0.0373383979	-0.08520969519999999	-0.027422117200000002	0.039528598	0.003673028	-0.0209144488	0.0021400607	0.0462064453	0.0984016187	0.061720620199999986	-0.062477143799999996	0.024272934700000002	0.1186800775	-0.0326257644	-0.044192322699999995	-0.0493031071	-0.029794658199999997	-0.11804827109999999	-0.0325942069	0.024015697599999997	-0.0025261428	0.057017500199999994	0.0448050838	-0.010895113400000002	0.049079225899999995	0.056445045599999986	-0.0298687175	-0.0732545313	-0.0082145042	0.0674850099	0.1147370048	0.06875811030000001	0.044141966100000006	0.045490519900000005	0.0413833227	-0.11424099289999999	0.05347183	0.0409895923	-0.0508280538	-0.083583789	-0.0574007463	-0.0415102194	0.0154962768	0.0573430887	0.0577274632	-0.0114328959	-0.0685228282	0.031636290299999995	-0.0467132484	-0.021448562200000004	-0.0857859975	-0.0022667095999999998	-0.030986214900000007	-0.07468427820000001	0.07974907860000001	0.022614504700000003	-0.0945145424	0.0	0.0	0.0	0.007747129999999999	-9.693000000000116e-05	6.0018023236899974e-05	9.395424900000222e-09	0.0654479	-4.479999999999762e-05	0.0042834276144100005	2.0070399999997867e-09	0.14721800000000002	-0.01907499999999998	0.021673139524000004	0.0003638556249999993	-0.000473069	-0.00027838900000000003	2.2379427876100002e-07	7.750043532099999e-08	-0.000480125	0.000305948	9.360417870399999e-08	2.30520015625e-07	4.68256e-05	-0.0003940124	1.5524577135376006e-07	2.19263681536e-09	0.0	0.0
4528.173741575745	8.509830343478825	20504357.433896083	72.41721247479293	4726.450809532947	23.015745249662363	529.7245293973555	22339337.254934646	4698.914461723494	0.7948018116067033	0.6317099197332975	22079797.1185942	4687.7646190495225	3749.900216611302	0.943122	13.789473	0.05070163000000002	0.0235232	-0.0125928129	0.037840773700000004	0.0119766875	-0.09885837630000001	-0.0762699352	0.0084417791	-0.040742793199999995	0.0334628889	-0.0493145171	-0.0618783226	0.08530153539999999	0.0240295693	0.1595052946	0.0513679127	-0.0299935475	0.0713869154	0.0299958924	0.0335376397	-0.0459097995	0.0338965025	0.0466544489	0.0236281627	-0.0329122993	0.0519086222	-0.0244017853	0.008344219699999999	-0.0396901986	0.067794823	0.010317350999999999	-0.056051379500000005	-0.087645462	-0.038279258999999996	0.0780769688	0.0720430326	0.0468433658	0.054472269299999994	0.0427778544	-0.0504955428	-0.0341941446	-0.012194538999999999	-0.0451771916	0.0415666509	0.11695896439999999	0.0620522515	-0.07775365769999999	0.11339083	-0.013098945700000001	0.0320129466	-0.0511401191	-0.0074849216000000005	-0.09909305199999999	-0.0207306791	-0.0929081216	-0.027694069900000003	-0.0288056762	-0.1669011065	0.008837319100000001	-0.1126436676	-0.1248096383	-0.0206537278	-0.0822865701	-0.035299925499999996	0.044844288499999996	0.06588373410000001	-0.007906013100000001	0.0736827765	0.0102777691	0.0785111602	0.0291446877	-0.0929437665	-0.0935253615	-0.0276063445	0.0501327415	-0.0940343702	-0.0168361397	0.0176190496	-0.036932941600000005	-0.036467076	0.1691774404	0.0021485731	0.08793037890000001	-0.0523768771	0.0057443562	-0.0411321413	-0.0466584191	0.1013772539	-0.0669971006	0.1431582579	0.0133978192	0.0310399582	-0.0679721418	-0.1347124717	-0.011019992	-0.0102169806	-0.024329702	-0.026099034500000003	-0.0595656968	-0.0668668261	0.037286986200000004	0.0475334516	0.061893175	0.0358771376	-0.022128961000000003	0.0083304263	0.005502075600000001	0.06626333570000001	-0.0101327381	-0.0036733516	0.0403879419	-0.0063400578	0.031094436	0.0644697597	-0.0288714231	-0.0229356963	0.0236792937	0.1156368392	-0.055021497999999995	0.0602326738	0.1037221814	-0.0402811018	-0.0067037985	0.0274378587	-0.054508920999999995	0.1177691353	-0.0339597028	0.0706190146	-0.1447605931	-0.048251676900000005	0.0158616964	0.02309426	-0.0626088943	0.0162964898	0.013615977900000001	-0.0970930674	-0.14017595130000002	-0.0468947697	0.0113013173	-0.1638244223	-0.0552808542	-0.045305240999999996	0.013696083000000001	-0.0319057216	-0.09327237470000001	0.038114511499999996	0.054907749900000004	0.09559520710000001	0.0743573885	-0.028653791	0.0273137775	-0.0118983222	0.015485258899999996	-0.023689557799999997	0.025944332599999998	-0.0360932103	-0.018161388100000002	0.132256671	-0.12002994550000001	0.0262438108	-0.032252662	-0.0729967048	0.0818616429	0.0173630609	-0.093661679	0.0	0.0	0.0	0.007799389999999998	5.225999999999929e-05	6.083048437209998e-05	2.7311075999999253e-09	0.052600199999999986	-0.012847700000000009	0.00276678104004	0.00016506339529000026	0.157424	0.010205999999999993	0.024782315776000003	0.00010416243599999984	-0.00034157400000000003	0.00013149499999999995	1.1667279747600002e-07	1.7290935024999994e-08	-0.000786073	-0.000305948	9.360417870399999e-08	6.17910761329e-07	0.000161296	0.0001144704	1.310347247616e-08	2.6016399616000004e-08	0.0	0.0
4540.826407402717	12.652665826972225	20619104.46216587	160.08995252903074	4772.467300198296	46.016490665349004	2117.517413154153	22776444.13146201	4705.701341402901	6.786879679406412	46.06173578273967	22143625.114481054	4695.746504908864	3857.9174987444944	1.087475	15.900062	0.04563708	0.022499400000000003	0.0968692509	-0.0335559451	0.008702382600000001	-0.0557681517	-0.0323082511	0.0084135007	-0.08542906789999999	-0.031079325	0.0035497481	0.0208900572	0.015390061000000003	-0.0032239044000000002	0.1665662963	0.055141750999999996	0.030042257000000006	0.10941543779999999	0.017827732199999998	0.0618776461	0.0807643418	0.005443921700000001	0.0967480536	0.14774157640000002	-0.10323853460000001	0.0273139462	-0.0207265476	-0.0186243437	0.0360535096	0.0726557326	-0.0945429346	0.034233765	0.0124243303	-0.0027934714	0.11585211849999999	-0.14675819029999998	0.0682960835	-0.058985028499999995	0.024034257599999997	0.000851303	-0.14380717199999998	-0.0681917183	0.048668758	-0.0643520184	0.08551068199999999	0.1412127676	-0.0278386823	0.1087105797	-0.0728325737	0.1316212841	-0.0421179496	-0.0038150489	-0.0599307838	-0.0818279678	0.0169750468	0.0077597796	-0.0502814708	-0.0324724749	-0.037598407599999994	0.1328118677	0.17797138070000001	0.13358361130000002	0.030622291099999997	-0.08092338339999999	0.1352269943	-0.0114260222	-0.0777396757	-0.0147316667	0.021129622999999997	0.0681927326	-0.08130014070000001	-0.07473304830000001	-0.0058070627	-0.030995966	0.0801528691	0.0272745512	-0.04297609769999999	-0.0299492975	0.0015505012	-0.0347396118	-0.0069465559	0.0279256929	0.0297518925	-0.0054377237	-0.1053105833	0.0713399479	0.0264678908	-0.0006332344	-0.0445200314	0.1543503797	-0.0027136963	0.0624800033	-0.1253714158	-0.013085865	-0.0902426724	-0.026038261	0.0862513566	-0.09676388130000001	-0.0926711714	-0.08511043830000001	-0.12462014240000001	-0.0165420304	0.046935990700000006	0.0289122308	-0.0672405316	-0.0124230105	0.0137410955	0.057847814500000004	0.1388482222	-0.0353101226	0.1038621558	-0.0490087214	-0.018633787199999998	-0.0775186738	-0.061596941399999994	-0.13346408740000001	0.0492077691	0.0631051932	-0.0103727374	0.0028445031	0.0292602356	-0.052737340099999995	0.0120546131	-0.028107247000000002	-0.0447614442	-0.0123959158	-0.14655400710000002	0.057016551799999995	0.19067878829999999	0.0093737529	0.0230660139	-0.0441522985	-0.0390778209	-0.2235290516	0.0055741428	-0.05360685849999999	-0.045304139199999996	-0.0563488967	0.10974336900000001	0.033753903700000004	-0.0338902257	0.048871183	0.0583624874	0.0540385534	-0.0213579598	0.1193046002	0.052533412	0.05786803820000001	0.004825024099999999	-0.0140161273	-0.034383399	0.0053566798999999995	-0.0007684702	0.014208354	0.052379123	0.0181481211	-0.1357557121	0.09592112900000001	0.059336602599999996	0.032840281	-0.0335126502	-0.0712506621	0.083826687	0.0120559979	-0.0923400945	0.0	0.0	0.0	0.00978822	0.0019888300000000018	9.58092507684e-05	3.955444768900008e-06	0.055389699999999986	0.0027895000000000003	0.003068018866089999	7.781310250000001e-06	0.14723699999999998	-0.01018700000000003	0.021678734168999996	0.0001037749690000006	-0.000618271	-0.000276697	3.82259029441e-07	7.656122980899997e-08	-0.0004817380000000001	0.00030433499999999987	9.261979222499996e-08	2.3207150064400005e-07	0.000128893	-3.240300000000002e-05	1.0499544090000014e-09	1.6613405448999994e-08	0.0	0.0
4539.659240878128	-1.1671665245894474	20608506.02329018	1.3622776961222092	4783.83417438377	11.366874185474446	129.2058287484053	22885069.408002045	4712.281717577932	6.580376175031232	43.30135060491868	22205598.985819224	4702.2847113833695	3881.2455817692653	0.916881	13.405798999999998	0.06411477	0.0373998	0.1063516591	-0.0337607018	0.037011944399999996	-0.0345532917	0.021830432200000003	-0.042604735899999996	-0.0477444088	-0.09898015060000001	0.0042047512	0.11565721529999999	-0.0386464741	0.0117250395	0.13139791369999998	-0.0188854572	0.0038578604	0.0165969933	-0.1335504242	-0.020090546	0.058956600199999994	-0.026039258399999998	-0.0686961084	0.11695854650000001	0.027553682799999996	-0.0880761633	0.0856275625	0.0313649888	-0.0496093651	0.0373734109	-0.0365340958	-0.039815559	0.0290160867	-0.0232140409	-0.0812321541	-0.0826340438	0.0941945658	0.0168494858	-0.034477208100000004	0.044745607199999995	-0.0818840372	0.07057795730000001	-0.0796732251	0.0198321774	0.0240561776	0.011860524099999999	0.0091698647	0.013091438899999999	-0.0804357703	-0.004887842	0.09688197330000001	-0.0705021133	-0.0471130571	-0.028210529100000006	0.055139085	0.0490116485	0.0079892813	0.0626511296	-0.1058229338	-0.0753420305	-0.062241915	0.0958151799	0.105591961	-0.0350970042	-0.032332366800000005	0.00678651	0.0343189375	0.017867896799999998	-0.0690391875	-0.0215455833	0.066723399	0.1153194567	-0.0798854847	0.1066219844	-0.0534035465	0.051478724100000005	-0.0964438442	0.0333009827	-0.0359196767	0.0043451101	0.069374398	0.02416723	-0.060111957699999996	-0.0449456272	0.0820602394	-0.0438273416	0.1156080082	-0.040365730600000004	-0.0210684157	0.1127104891	0.0022229711	0.0076656384	-0.0472803819	0.060256078	0.0050870752	0.10916621929999999	0.0587716532	-0.0245227398	0.1349887501	-0.0360775452	-0.0766973409	0.0179296837	0.0452019247	-0.0807794696	0.0166287028	0.0232792115	-0.06882406320000001	-0.0918760102	0.0247753364	-0.0870869063	0.0381064709	-0.0125783441	-0.017044470200000002	-0.0815037328	-0.089441124	-0.0030532294	-0.0678997876	0.07534270059999999	-0.0545487556	0.0568653596	-0.036714204300000004	-0.045539877699999995	0.03224042	0.0209669319	0.002948905	0.0338175431	0.010912368300000001	-0.0660096771	0.0257518935	0.0265788148	0.08727912019999999	-0.10765614710000004	0.0066692702	0.0149242655	0.0856678384	0.10243504269999999	0.0167899254	-0.069065385	-0.0328475626	0.042134537	0.0463951869	-0.038843839	-0.08168786459999999	-0.0327665975	-0.0111229929	-0.0084866209	-0.0621594702	0.1075255482	-0.025873145099999998	0.059941352999999996	0.032098233399999995	0.086782502	-0.034631556800000005	-0.024417074599999998	-0.0421956438	-0.1489041527	0.103382288	-0.046357273	-0.0733484579	-0.051975018	-0.0347659273	-0.0694475486	0.0856406697	0.006710316	-0.0905564026	0.0	0.0	0.0	0.00776883	-0.00201939	6.03547195689e-05	4.0779359721000016e-06	0.058167099999999985	0.0027773999999999997	0.0033834115224099987	7.713950759999998e-06	0.122805	-0.02443199999999998	0.015081068025	0.0005969226239999991	-0.000178448	0.00043982300000000005	3.1843688704e-08	1.9344427132899998e-07	-0.0006612230000000001	-0.000179485	3.2214865225e-08	4.372158557290001e-07	5.04814e-05	-7.841159999999998e-05	6.148379014559997e-09	2.5483717459600004e-09	0.0	0.0
4535.579347159974	-4.0798937181543815	20571480.01438409	16.645532751435578	4821.081762107936	37.247587724165896	1387.382791269434	23242829.35692976	4711.955098854681	-0.3266187232511584	0.1066797903782168	22202520.853622627	4701.955106108643	3845.2921825639446	0.892075	13.043109	0.06110748000000001	0.0345345	0.0899844623	-0.0211390588	-0.0329221132	-0.0048016529	0.0802951962	-0.0588740417	-0.0741939606	-0.09264257	0.0176395273	0.1007500473	-0.021347826	0.0109896726	0.0159402058	0.0639685381	0.0445926017	-0.0754491839	-0.1028800448	-0.06614093929999999	-0.008508486899999999	-0.05095096599999999	-0.09093075710000001	0.0303199348	0.0356833566	-0.028163136499999998	0.0761772909	-0.0437442452	0.1353180568	0.09500986210000001	0.0342968428	0.11913651060000001	-0.1373302999	-0.0206814101	0.039253183500000004	-0.020540845	-0.0182389685	0.06030362280000001	0.0028238455	-0.0263980033	-0.0348287887	0.07569549769999999	-0.0776959617	-0.0754192787	-0.09409744449999999	-0.04261561	-0.0281508949	0.0539718238	0.1254663668	0.0693629855	0.1409388563	0.0570294021	0.0735907011	0.0203114645	-0.0631562232	0.09008484119999999	0.0571738966	-0.0063420052000000005	-0.0904300203	0.0116372357	0.0124346871	0.013320706000000002	0.10054752460000001	0.0217871873	-0.1219572223	0.0029932940999999997	0.071966812	0.0505957834	0.0514906614	0.09923561550000001	0.0146835407	0.0225269629	0.048375328700000005	0.1636231743	-0.056663254	-0.08618087220000001	0.0092993195	0.0683615522	-0.0566832753	-0.1448699992	0.0072219364	0.0056835901	0.0332991752	-0.029482540699999997	-0.0150463355	0.012907791699999999	0.09292300220000001	-0.0429769496	0.0229565244	0.0164890769	-0.10660069650000001	-0.0497755566	-0.0249470028	0.0957881979	0.017230376000000002	0.089190076	-0.0302699487	0.0025679751	0.1119423789	0.0035782825	-0.0048843437	-0.0271869066	0.0247804735	-0.043599269	-0.1047937206	-0.017404670900000002	0.1008956736	0.1205615555	-0.0071982606999999995	-0.0117894647	0.098635951	0.09561252640000001	-0.0157989949	0.0126426533	0.0110676456	0.039282285800000004	0.0109168667	0.0956574829	0.072115792	0.0462022954	0.0380581525	-0.10678653800000001	-0.0207499953	0.005442653100000001	0.1351365875	-0.028969349199999998	0.1618022316	0.030246492799999997	0.0320419013	-0.007734353100000002	0.1251249842	0.0871195371	0.024941854500000003	-0.021090768500000003	0.0024227207	0.06034828690000001	0.0646036431	-0.0303500473	-0.0957948789	0.0100250112	-0.0386321861	0.046268914800000005	-0.17511777969999998	-0.0753482385	-0.0315386352	-0.07671275030000001	0.0799018036	-0.0080539026	0.0292964564	0.0716987282	0.015857614	0.0008724551	-0.1714386971	-0.09497776890000001	0.06439851490000001	-0.0500179297	0.0110471004	0.023477622000000004	-0.0260705323	-0.0603178616	-0.0360122423	-0.06758880860000001	0.0873003222	0.0013431389	-0.08831952960000003	0.0	0.0	0.0	0.007749449999999998	-1.9380000000002e-05	6.005397530249998e-05	3.7558440000007746e-10	0.0654303	0.007263200000000004	0.004281124158089999	5.275407424000006e-05	0.14648	0.023675	0.0214563904	0.0005605056250000001	-0.0005852359999999999	-0.000406788	3.4250117569599986e-07	1.6547647694399993e-07	-0.00055702	0.00010420300000000009	1.0858265209000018e-08	3.1027128039999995e-07	-4.15256e-05	-9.2007e-05	8.465288049e-09	1.7243754553599999e-09	0.0	0.0
4539.716180319602	4.136833159628623	20609022.997855604	17.11338859060293	4779.97321711887	-41.1085449890661	1689.9124711180718	22848143.95637372	4707.881240322824	-4.073858531856786	16.596323337582323	22164145.77298357	4698.919162716588	3849.144037559925	0.8961629999999999	13.102872	0.05174969	0.030925	0.0960972935	0.0176012807	-0.06580661230000001	-0.020314095600000002	-0.007422226999999998	-0.0494853907	-0.0575295255	-0.0617503579	-0.0341702268	0.0531443979	-0.07152634299999999	0.0094379412	-0.0420470026	-0.0502970899	0.030419110299999996	0.0918271331	-0.0801352776	0.0473313469	0.024803878900000003	-0.06386473620000001	0.0650421262	-0.09122730279999999	0.026494322400000003	-0.0938315577	0.0020873383	-0.025517062599999998	0.1197299076	0.1142157585	-0.0227612675	0.0323931301	0.040530436	0.0207923226	-0.0298626245	0.07645082269999999	-0.1271749015	0.0448223418	0.0566609393	0.020265171499999998	-0.046997816100000006	-0.0241796966	-0.0349076114	-0.1286648538	0.07720030580000001	-0.067559194	-0.0481164778	-0.1006813758	0.058527652199999995	0.1179978441	0.045438321799999994	0.0427041268	-0.0655272564	0.07249681940000001	-0.0242315103	0.076388225	-0.0120424951	-0.0359583679	0.0987579301	0.028945030299999997	0.0716093933	-0.06156538	0.07008683360000001	-0.018800696999999998	-0.0680178419	0.1160185848	-0.0139287979	0.0912217356	-0.0631792222	0.0713039199	-0.0583970468	-0.040137214	-0.1285153906	0.0013805079	-0.0630125609	-0.0307746938	0.0891543023	-0.1797572857	0.048039834000000003	-0.0603576495	-0.0410387251	0.0002569118	-0.1112636265	-0.04533736	-0.040060024300000004	0.0105718619	0.05230641230000002	-0.0807359018	-0.0148804946	-0.017968350600000002	0.0917105424	0.0177956862	-0.0117560079	0.035057833	-0.0466946425	0.05857254980000001	0.023221622	-0.0185917688	-0.0141601488	0.1526334166	0.0305274227	0.08098989870000001	0.0174828635	-0.0220821754	0.0044235296	-0.1005298992	0.0744565848	0.0039058778999999997	0.0286151453	0.0037563018	0.0406473932	0.1248829477	0.0115466293	0.078340332	-0.1093171236	-0.0208726986	0.0745216388	0.0544339726	0.1162427983	0.0196746821	0.0292489456	0.10207151099999999	0.08848454609999999	-0.10041796720000001	0.1612840989	-0.0102542763	0.059603839299999996	0.1053295824	-0.0259400253	0.028649592999999998	0.015220036200000004	0.014484958700000003	-0.0085034095	0.0412171535	-0.0826624749	0.0215658187	-0.0528747827	0.0625500962	0.0732226252	0.033294646000000004	-0.1499164267	-0.0828637997	-0.10535813990000001	0.0088588588	-0.0075159091	0.0772358713	0.011988066200000001	0.020615211100000003	-0.0052826542	0.037135252	0.0479859141	-0.1405627185	0.0300171681	0.1425012531	0.0149690326	-0.021551636000000002	-0.0900420278	-0.004847156	0.01662211	-0.1094952367	-0.0372513456	-0.06567593099999999	0.08880265359999999	-0.0040283407	-0.0856406697	0.0	0.0	0.0	0.00490804	-0.002841409999999998	2.40888566416e-05	8.073610788099989e-06	0.0654406	1.030000000000475e-05	0.00428247212836	1.0609000000009783e-10	0.122314	-0.024165999999999997	0.014960714596	0.0005839955559999996	-0.000384896	0.00020034	1.4814493081599998e-07	4.013611559999999e-08	-0.0005360730000000001	2.0946999999999893e-05	4.387768089999955e-10	2.8737426132900015e-07	0.000231827	0.00027335259999999997	7.472164392676003e-08	5.374375792900001e-08	0.0	0.0
4542.245923191541	2.529742871938652	20631998.026750173	6.399598998124418	4789.510111559521	9.53689444065094	90.95235557211879	22939407.10873089	4704.027124595945	-3.8541157268791717	14.854208036177369	22127871.188934393	4695.56997009045	3874.5628273014772	0.8502629999999999	12.431762	0.03696431499999999	0.0196979	0.12358427400000001	0.0476926175	-0.0593135052	-0.0325313386	0.0019641235999999997	-0.0236105982	-0.0346570982	-0.0733813199	0.1030436453	-0.0260996794	-0.1336811957	-0.0453833243	-0.031589015899999996	0.13146014109999998	0.0052585138	-0.022057317000000003	-0.0358603852	0.031923539199999997	0.0310126616	-0.04234043480000002	0.0906792632	0.0241278787	-0.0161030093	-0.0140784979	-0.10912034970000001	0.0154747621	0.0240322054	-0.0794051949	0.1361013091	0.0047844704	0.0838784417	-0.049223700700000005	0.018469765200000002	-0.058057303	-0.0588020514	-0.047754255999999995	-0.0500518017	-0.034282746499999996	0.042340204900000004	0.0013936982000000001	-0.1069471765	-0.0387712569	0.045832807999999996	-0.0439562996	-0.0156673557	-0.0602268262	-0.0176580796	0.0819269904	0.1097757899	-0.047451729500000005	-0.19183789440000001	0.07126064530000001	0.09454638929999999	-0.0723269133	-0.0501305515	-0.018752126100000002	0.0522916916	-0.10522191560000001	-0.046423727000000005	-0.0715494991	-0.006832210799999999	0.0631228169	0.10085695439999999	0.0127928976	0.032936160299999996	-0.1389666811	0.0290472465	-0.0413613762	0.0699585857	0.0133407351	0.0395353746	-0.0479340834	0.018001079	-0.0800777105	0.058032509	-0.0927478274	0.0157646964	-0.0686179886	-0.1078675725	0.1444528402	0.0339658352	-0.0846364064	0.09362063289999999	-0.1052898199	-0.030404913999999998	-0.1149187089	0.006432947	0.0021512197	-0.117902688	0.0642300873	-0.019407596399999998	-0.007518066199999999	-0.07002303900000001	0.0302629381	-0.0235360113	-0.0189367329	-0.0837204119	0.020228838500000002	-0.0234285985	0.0315124222	0.0028196990999999998	0.06832191950000001	0.1293514553	-0.0467775796	0.161572443	-0.0729088638	0.0638938161	0.059352472	-0.039593483799999996	-0.0319911971	-0.0201764411	-0.0745201561	0.052215992	0.0642872142	0.0672019801	0.0816349471	-0.0031918006	0.0418004342	-0.014905344199999997	-0.0079056015	0.1219118875	-0.071051508	0.1369286636	0.0110889976	0.032761712400000004	-0.0249459825	-0.0990884431	-0.0223377243	-0.088868036	-0.1168373683	-0.0287873633	0.09855532869999999	-0.0352415494	-0.0471547018	0.0505464556	-0.06190296820000001	0.0336907862	0.017919714399999998	-0.0212811909	-0.0717745135	0.2230552087	0.0462467805	-0.0298269549	-0.0817918968	-0.0310751047	0.0087688033	0.09436246029999999	0.0019116907999999998	-0.042757889199999996	-0.0365412804	-0.042068487599999996	0.13029189929999999	-0.045562	-0.0472400675	0.0562549387	-0.1293222834	-0.08789298220000001	-0.0213766833	-0.038482989100000004	-0.0637104479	0.0901449566	-0.009386916300000001	-0.08253322910000001	0.0	0.0	0.0	0.0054095	0.0005014600000000003	2.926269025e-05	2.5146213160000045e-07	0.065424	-1.66000000000055e-05	0.004280299775999999	2.755600000001826e-10	0.132601	0.01028699999999999	0.017583025201	0.00010582236899999979	-0.00050663	-0.00012173400000000002	2.566739569e-07	1.4819166756000004e-08	-0.0007860719999999999	-0.00024999899999999977	6.249950000099988e-08	6.179091891839997e-07	8.037489999999998e-05	-0.00015145210000000006	2.2937738594410012e-08	6.460124550009997e-09	0.0	0.0
4538.613258943568	-3.6326642479725706	20599010.31425836	13.196249538498122	4792.957073406739	3.446961847218517	11.881545976180096	22972437.507519696	4703.915071297547	-0.11205329839776823	0.012555941681819288	22126816.997980207	4695.658789602295	3872.799614590152	0.8628120000000001	12.61525	0.033076985	0.0206678	0.1049175697	0.0505124303	5.7189799999999986e-05	0.08723664699999999	0.0018807604000000001	-0.0522760741	-0.0561254255	0.07290201269999999	-0.0869187826	-0.0374333536	-0.0971549549	-0.0758953118	-0.0659110309	-0.0137365142	-0.014071768899999998	0.1385665367	-0.0088490611	0.0641255725	0.0466800486	-0.0640588939	-0.033649641099999995	-0.0295436183	0.012088438100000001	-0.10493613859999999	-0.0594856203	-0.0646577661	0.027574052999999998	0.0629090966	0.0176703109	-0.047070281299999996	-0.0055188577	0.1342215993	-0.019087706200000002	-0.0409947509	-0.0314278103	0.021551732400000002	-0.0025172139000000002	-0.0011915928999999999	-0.038320161299999995	0.026795342599999997	0.008416579799999999	-0.07297722549999999	0.044726374900000004	-0.0089300466	-0.0478873495	0.1218895846	-0.0308687733	0.0365973722	-0.024307614100000003	0.017760663500000003	-0.0494998468	0.1067389201	0.0130826033	-0.10119647130000001	-0.0851450608	-0.0311161911	0.0036337523999999998	-0.0061467360999999995	-0.0483753305	-0.0266225606	-0.0269411552	0.154155442	-0.0446645839	-0.001235269	-0.0324730154	-0.0140401375	-0.0043637803999999995	0.0054151044	0.133570467	-0.024914011200000002	-0.0087250435	-0.009079896700000001	-0.0066006726	-0.045987283600000005	0.0411622482	-0.1035367274	0.1033588831	-0.0226185464	0.018028553500000002	-0.0445443448	0.0603291704	0.1561117673	-0.0293551928	0.0522241887	-0.035467392400000006	-0.0936391926	0.0098618587	-0.0440396077	0.1064263503	0.1204393253	-0.0189560742	-0.0034035179	-0.1266026053	-0.0014854336	-0.033307388	0.019268219	0.0369094249	0.0416239579	0.0031900992999999997	0.09817937199999999	-0.034145246000000004	-0.029114014599999998	0.051646060300000005	-0.0588079955	0.045150451900000006	-0.0269020914	-0.0288322197	0.044607512800000006	0.0723347905	0.0446230713	0.0511726391	-0.0825042382	-0.056046092199999994	-0.052919657099999996	0.0010863630000000001	-0.008700542700000001	0.0577929402	0.056845974199999996	0.0816071715	-0.0908302234	0.035247770899999996	0.0399304562	0.0036388895	-0.0295638202	0.0613591118	0.053857072199999995	-0.07404508580000001	-0.044628395099999996	-0.0792053436	0.0078073192	-0.000732378	0.007165451	0.08327142059999999	-0.0730852911	-0.046760587699999995	0.09114690939999999	-0.0052560226	0.0681775045	0.0370769171	-0.09845449390000001	0.0150346286	-0.0012646296	-0.14656927279999998	-0.0771482857	-0.0510921243	0.0453834415	0.0115149984	0.034208825899999996	-0.0399507846	-0.0658713404	0.044379275999999995	0.0229078177	0.0210799471	0.0849334751	-0.1243773947	0.0488929217	0.029270826200000002	0.0324963305	-0.0397069262	-0.0616939336	0.0913248123	-0.0147154228	-0.0790127587	0.0	0.0	0.0	0.007796339999999999	0.0023868399999999986	6.078291739559998e-05	5.6970051855999936e-06	0.0843247	0.01890070000000001	0.0071106550300899995	0.00035723646049000017	0.137075	0.004474000000000007	0.018789555625	2.0016676000000053e-05	-0.000493998	1.2631999999999944e-05	2.4403402400400004e-07	1.5956742399999856e-10	-0.0007860719999999999	0.0	0.0	6.179091891839997e-07	-5.3302e-05	-0.00013367689999999998	1.7869513593609994e-08	2.841103204e-09	0.0	0.0
4532.187512071543	-6.425746872025229	20540723.64457724	41.290222863342024	4763.371400876479	-29.58567253026013	875.3120190677887	22689707.10268795	4703.177146704729	-0.7379245928177625	0.5445327046852605	22119875.27328564	4693.940508168015	3821.534322305652	0.9008560000000002	13.171494	0.06250791849999998	0.0313485	0.055061154	0.059727181500000004	0.038008749700000004	-0.009478955	0.0130474895	0.1408373471	0.042132416	-0.07166855679999999	-0.0367571997	-0.048939122	-0.0646468725	-0.049494856799999994	0.025240734900000002	0.0464190103	-0.0137560216	0.11964848130000001	0.0614836004	0.0445431374	0.0805049559	-0.013713847	0.0663892935	0.0707775026	0.012056747	-0.0217638274	-0.0061961284	0.0593032583	-0.028170280899999997	-0.08085768509999999	0.0404173741	-0.1123285182	0.0249739749	-0.0857869413	0.0168084396	0.0438829333	0.018558004	0.1188335067	-0.0052377332	0.033448732200000005	0.0582651317	-0.11508944619999999	0.0380825038	-0.0187609964	-0.0363628426	0.051664273200000006	0.053983677800000004	0.06627497360000001	0.0279482615	-0.015094538999999999	0.021489077000000002	-0.0284805481	0.053943125300000005	-0.0040480705	-0.0193692359	-0.0060677584	0.0018139826	0.111548015	-0.0629925606	-0.0574319072	0.0696250604	0.0264360631	-0.0229768423	0.0701863905	-0.053589532599999996	0.012375291	-0.0550196962	-0.0104430167	-0.12189276449999999	0.0720445412	0.0182053566	0.0661909376	0.0603246474	-0.0762479075	-0.1366358584	0.0317275459	0.1418732975	0.0514701329	0.013463621799999999	-0.0227637523	0.0106686348	-0.060721400000000016	0.1138373808	0.0308506982	0.0283611773	-0.0646251777	-0.0557303711	-0.0471826837	0.0292271367	0.0107567045	0.020431493000000002	0.0532308053	-0.0896467407	-0.1268836446	-0.0529585362	-0.0610218812	0.0738803266	-0.0717801849	0.021022135600000002	-0.0309385456	-0.0256823135	0.039870551000000004	0.0623373694	0.0571579121	0.1420827954	-0.0215703543	0.0045485388	-0.033641162	-0.044690429000000004	-0.0765495813	0.0073976556999999984	-0.0753291981	0.0256573172	0.0998610421	-0.0221579484	0.0300286377	0.0955739206	-0.07511940610000001	-0.037093172	-0.0619617283	-0.0491555169	-0.044021946500000006	-0.0264726565	0.0683551154	0.000988629	-0.0170637591	-0.0407409818	-0.0159483713	0.0304296578	0.023207907200000003	0.0851672402	0.023018076000000002	-0.0458726786	-0.0136945237	0.066063869	0.0578105292	0.0616841725	0.10098050199999999	-0.00874331	0.0441963911	0.0278000302	-0.09534095699999999	-0.0186039554	0.1475248885	-0.0828620197	0.0016699686	-0.0167805506	-0.19160454629999998	0.0333226626	0.0587981425	0.0995250652	-0.0720555286	0.0012171683	-0.0928053009	-0.10290268539999999	-0.0542545775	0.036552661800000004	0.0168155444	0.0120951303	0.1061289999	-0.0409229116	-0.0596280034	0.0923400945	-0.0199967914	-0.0750968762	0.0	0.0	0.0	-0.00294256	-0.0107389	8.6586593536e-06	0.00011532397320999998	0.06545269999999999	-0.018872000000000014	0.0042840559372899975	0.0003561523840000005	0.138504	0.0014289999999999858	0.019183358016	2.0420409999999595e-06	5.45747e-06	0.0004994554700000001	2.9783978800899994e-11	2.4945576651292097e-07	-0.000786073	-1.0000000001241657e-09	1.0000000002483306e-18	6.17910761329e-07	7.66019e-05	0.0001299039	1.6875023235209996e-08	5.8678510836100015e-09	0.0	0.0
4525.60861579341	-6.578896278133469	20481133.34334354	43.28187623843843	4768.936339280822	5.564938404342684	30.96853944412809	22742753.808113165	4705.240850422157	2.0637037174274155	4.2588730333237335	22139291.46048142	4695.448369484489	3782.734071198459	0.868647	12.700567	0.04870242850000001	0.0275325	0.014547338100000001	0.058211772	0.0729345389	0.08406703880000001	-0.028409154199999998	0.032317803900000004	0.0609388497	-0.1013226149	0.1540230327	-0.0168980595	-0.0402689885	-0.0940703308	0.0026066704	0.0959281849	-0.0793367329	-0.0397268482	0.1043485119	0.013039038000000001	-0.0905832426	0.0134672888	0.0480478222	0.0572795046	-0.0149030317	-0.0730471361	-0.0687493024	0.114027961	0.0127937023	0.0263629449	-0.0588682265	-0.0213757202	-0.08688743	-0.026934196	0.0531088229	-0.10987582380000001	0.1232672299	0.044716056399999995	0.019795424199999998	0.031761863700000004	-0.0889090407	-0.10948986869999999	0.1131230292	0.067662462	0.0099336512	0.035926579	-0.009759931999999999	-0.0754325988	0.0248024296	0.055137814199999996	-0.0512063827	0.05527827849999999	-0.052180585099999996	0.048307545599999994	-0.0105258766	0.066645752	-0.0115521522	-0.0003770906	0.11107967869999999	0.0613659066	-0.050790817	-0.017677351	-0.035485588	0.068747031	0.05631299400000001	0.075727276	0.0791805251	0.0700635412	0.051350712699999995	0.0014783068	-0.0007077965	0.05757635570000001	0.0376328921	0.0893957618	0.0248822769	-0.0220412045	-0.0257169937	-0.0583812567	0.0110906904	-0.073027333	-0.0331127149	-0.1259558086	0.1328019593	-0.1450079498	0.0401026632	0.0925420693	-0.0300320275	-0.0315081643	0.0878559635	-0.0107828886	-0.11296394359999999	0.057455537699999996	-0.0102933491	-0.1330055765	0.020531743999999998	-0.0708109691	-0.033785296299999996	-0.030275200899999997	-0.0287802075	0.0048672444	-0.1127180459	0.0460678391	-0.074448586	0.060935791399999994	-0.0234448915	-0.0591880761	-0.098766898	0.0357151773	0.021706280499999998	-0.0736756394	0.1599031813	-0.0750204591	-0.0460692925	-0.0383984012	-0.0406098545	-0.0750777117	0.0156419935	-0.00025623080000000003	-0.10391434529999999	-0.040388394300000005	-0.0268529612	0.0396893039	-0.0413087516	-0.0667515558	-0.0273934002	-0.0165891472	-0.027917892000000003	0.044316338200000006	0.0238870175	0.053173549	-0.0989633781	0.06584941	0.0638602506	0.07061922400000001	-0.1055946651	-0.0413140939	-0.0328798569	-0.0564456158	-0.132914116	-0.0665354826	-0.0663153755	0.031972027	-0.0008133041000000001	0.0002236926	-0.0431721803	-0.06455244980000001	-0.0449918379	0.0115766025	0.0676587566	0.0560448755	-0.042335938899999995	0.0652011249	-0.0658494832	-0.0354254325	-0.14094639679999998	0.0709515103	0.0498013696	0.0934038368	-0.0168146765	-0.1175587807	-0.042130702	-0.057514311900000004	0.09318897359999999	-0.0252141042	-0.0708051784	0.0	0.0	0.0	-0.00751064	-0.00456808	5.64097132096e-05	2.0867354886400007e-05	0.0765837	0.011131000000000016	0.0058650631056899995	0.00012389916100000037	0.159503	0.020999000000000014	0.025441207009000003	0.0004409580010000007	-0.00023048	-0.00023593747000000002	5.31210304e-08	5.5666489750000893e-08	-0.000786073	0.0	0.0	6.17910761329e-07	7.24524e-05	-4.149499999999998e-06	1.7218350249999986e-11	5.2493502657600004e-09	0.0	0.0
4525.1101862752885	-0.4984295181211564	20476622.197932374	0.2484319845344882	4729.4807759956875	-39.455563285134296	1556.7414741472378	22367988.41051277	4707.196051044699	1.9552006225421792	3.8228094743893255	22157694.662970807	4697.350018007326	3737.7330166870947	0.8833229999999999	12.915141	0.04340995350000002	0.0229073	-0.0163152922	0.0831155925	0.050366193600000005	0.0908579614	-0.0759008228	-0.065014214	0.10741778169999999	0.0486974778	0.0053769089	0.0064226933	-0.044708470099999995	-0.0957391525	-0.0118677126	-0.0344601106	0.1333046817	-0.0091445467	-0.0595052543	-0.0173157162	0.015450758700000001	0.0241302129	-0.0034923818	0.0716843567	0.0323731077	-0.0826517672	0.0443546124	-0.0049071486	0.1234266901	-0.1166248954	-0.0722343332	0.0614242084	-0.0361774572	0.0515114709	0.0914095561	-0.033464396699999996	-0.0644861331	-0.0246531319	-0.07039970940000001	-0.0378916713	0.09887161929999999	-0.0277022481	0.0210394496	-0.0518892439	0.0664923071	-0.0474566379	0.0044375527	-0.0320564652	0.0871272741	-0.0808059467	-0.0142397573	-0.13289617880000001	0.0746741955	0.0158515417	-0.0011020084	-0.029853977	-0.0489730126	-0.09819585970000001	-0.0123764667	0.04335318639999999	0.0404037648	0.0187037091	0.069844767	-0.0002515301	-0.0238554405	0.0884464337	0.0517739431	-0.0034178539	-0.1139965302	0.0356291243	-0.0025501648	-0.0174332019	0.1309646825	-0.035954963900000005	0.1006301552	0.1272087419	0.1227542378	0.061213786299999996	-0.141416287	0.0373579708	0.0119706657	-0.0358145522	-0.0037122733	0.0332730527	-0.0372378615	0.0609687161	-0.013592906799999999	-0.0484266154	0.12485485589999999	-0.0102308865	0.0682157223	-0.0787201273	-0.0364068727	0.049413670599999994	-0.0372029735	0.0493939426	0.0462405337	-0.025536529300000003	0.0595111055	-0.012367763700000001	-0.0589886901	-0.09645978300000001	-0.0497846674	-0.0644610315	0.0811143304	-0.07847929769999999	0.0054629964000000005	0.11761144529999999	0.0745393076	0.0520775147	0.0077856366000000005	0.0120351151	-0.021634528700000002	-0.0715270192	0.08255382780000001	0.0292585315	0.0777153123	-0.0504671978	0.0309359	-0.0421152872	0.0531981968	0.09850369369999999	-0.0170231781	0.0318052621	0.0032619565999999997	-0.0557508211	0.048298109699999994	-0.09961961009999999	-0.0878949858	0.0660841073	0.0240204369	0.0038986969	-0.0251245121	-0.06981885339999999	-0.0014504303	-0.1004311999	-0.0198179829	-0.0152839691	-0.0577349718	0.0808094298	-0.0942751688	0.0380173623	-0.0341909076	0.1676008375	0.08222917490000001	-0.0004936179	0.0890732023	-0.10809113210000001	-0.0666226029	-0.045422372300000007	-0.14294982550000002	0.0405020363	-0.0791902121	-0.0123151879	0.0157121045	0.0435071393	0.1297124121	0.1499681929	0.0305521581	-0.022068401499999998	-0.0433300555	-0.0553545524	0.0938699199	-0.0303506486	-0.0661591428	0.0	0.0	0.0	0.00414953	0.01166017	1.72185992209e-05	0.00013595956442890005	0.0603681	-0.016215600000000004	0.00364430749761	0.0002629456833600001	0.148596	-0.010907	0.022080771216	0.000118962649	-0.000255578	-2.509800000000001e-05	6.5320114084e-08	6.299096040000005e-10	-0.000786073	0.0	0.0	6.17910761329e-07	5.00673e-06	-6.744567000000001e-05	4.548918401748901e-09	2.5067345292899998e-11	0.0	0.0
4526.2633874431	1.153201167811858	20487060.252507888	1.329872933442633	4730.161768458106	0.6809924624185442	0.4637507338708723	22374430.35578272	4707.898177752087	0.7021267073878334	0.4929819132272803	22164305.252081417	4695.921176380877	3749.213511415906	0.876266	12.811962	0.0390809835	0.0210737	-0.025852032599999998	0.09919814140000001	0.1006845799	-0.13065594490000002	0.046931644	0.11751520039999999	0.0387244193	0.07038023040000001	-0.0860046599	0.0387020167	0.0007048308	-0.025533963	0.0359979627	-0.0336834488	0.1780811314	-0.057232838499999994	0.11319074929999999	0.0798378774	-0.002097966	0.054496325899999996	0.07064818070000001	0.0718171396	-0.0178618528	-0.009275136600000001	0.0175572416	0.0200385772	-0.039678495	-0.08025043059999999	0.0107008067	0.030658224900000006	0.0273149163	0.09496613960000001	-0.0183314969	-0.0305872922	-0.0276287227	0.027011526299999998	0.0935505164	-0.0298379703	-0.022337531	-0.0332005117	0.0377724019	-0.042972015499999995	-0.1907495928	-0.0260926729	-0.0174683115	-0.0413198197	0.10543639240000001	0.0227831875	-0.0241179774	0.043772299400000006	0.0920854856	0.057458663099999994	-0.025498995400000002	0.0267928817	0.056941165	-0.0323025397	0.10649881119999999	-0.032840216	0.0181831844	-0.0379957432	0.09543436599999999	-0.1391350251	0.11346450279999999	-0.0644046459	-0.0350173318	-0.0853556491	-0.0178298081	0.125152801	0.0048245539	0.0940665686	0.013984381200000002	0.0818676664	-0.0712383316	0.044361524299999996	-0.0833150238	-0.1211451279	0.09649333460000001	0.0096453291	0.028562235699999997	0.0063934031	0.0343009061	-0.0062602230000000005	0.11131341130000001	0.05968182480000001	0.0147847564	0.0104350189	0.11490297390000001	0.0680902672	0.0039319367	-0.1981369326	0.047509616	-0.0773892815	-0.0673901205	-0.08728629539999999	0.08462088949999999	-0.0427731536	-0.041507956400000004	-0.0469466385	-0.0399171632	-0.035888101299999996	-0.026272283599999998	-0.0067351542	0.0966497709	0.0576396239	-0.034251198999999996	0.0192908589	-0.0387295012	0.0466801619	0.016292878	0.027080465800000002	0.0525972797	0.027151727999999997	0.0395563469	-0.0264460596	-0.0330670029	-0.0711140381	0.11468748109999999	-0.0952768459	-0.0727289123	-0.0379863403	-0.1025499152	-0.0510764397	0.0650164647	-0.0937250946	0.0446070252	0.1281898082	0.0295031084	-0.0675077876	0.028738469500000002	0.0113247791	-0.0844614958	0.0201984055	-0.0994497835	0.13312245080000001	-0.08077239309999999	-0.0831818024	0.1516469681	0.0367923789	0.0180412127	0.0767806021	0.0492047879	-0.0112428824	-0.0030203256	-0.0698019566	0.025969404100000003	0.0050318606	-0.052734481799999997	0.1702576734	0.0204317046	0.039076198300000003	0.0610877913	0.0268184625	-0.055222071	-0.0369411739	-0.0669094251	-0.0267474993	-0.012227471100000002	-0.0270803346	-0.0445207318	-0.0531504546	0.0943817063	-0.035389970699999995	-0.061182019800000015	0.0	0.0	0.0	0.007780999999999999	0.003631469999999999	6.0543960999999975e-05	1.318757436089999e-05	0.050265	-0.010103100000000005	0.002526570225	0.00010207262961000009	0.14069000000000004	-0.007905999999999969	0.019793676100000008	6.25048359999995e-05	7.157640000000001e-05	0.0003271544	5.123181036960001e-09	1.0703000143936e-07	-0.000786073	0.0	0.0	6.17910761329e-07	2.66606e-05	2.165387e-05	4.688900859769002e-10	7.107875923600002e-10	0.0	0.0
4527.139429991779	0.8760425486789245	20494991.41858629	0.7674505470958658	4761.280424020507	31.118655562400818	968.3707240113392	22669791.2761609	4706.220632629337	-1.6775451227495068	2.8141576388606584	22148512.64298608	4693.883227519351	3719.300452935865	0.991503	14.496851	0.03446873	0.0202478	-0.0525982301	0.09737120880000001	0.14457771349999998	-0.020119074	0.020900191999999998	-0.0408040189	0.0813690683	0.006886693199999999	0.1011673539	0.0209808669	0.05428977769999999	-0.06984426769999999	-0.0471369517	-0.0119866233	0.0284992548	-0.1206716717	-0.0796732506	0.002407766	-0.016164885	-0.1247078499	0.0127661109	-0.0397251162	-0.0228280011	-0.0533593282	-0.025050415099999997	0.07032460530000001	-0.079989431	-0.0841279928	-0.0799283163	0.0967117198	-0.0391293267	0.070471753	0.11645448039999999	-0.0837787661	0.12273423189999999	-0.0241571388	0.0975036559	0.056358856	-0.056509348099999995	-0.0175491318	-0.0304886446	-0.033714325499999996	-0.10578591679999999	0.086870192	0.0427131583	-0.0373997782	0.0744334284	-0.0444380987	-0.08081038809999999	-0.0093750549	0.0463294993	-0.049035693600000006	0.0213956549	-0.0098195646	0.0782843633	0.050040822	-0.1826704989	-0.10173481470000001	-0.0057703118000000005	-0.0294035817	-0.08556928400000001	-0.0135897725	-0.053268478099999995	-0.0065954078000000005	-0.003911042	0.06921329450000001	0.0070212129000000005	-0.0825503183	-0.0665762172	0.0606387038	-0.0269532089	-0.0030105294	0.0025619672	-0.008817891999999999	-0.0303516131	0.031132324	-0.0048050643	0.0468908859	-0.029630270299999997	0.0349820551	0.0206782576	-0.043445878099999995	-0.0798128933	-0.0154352921	0.012957821299999998	0.059151207000000004	0.0646311011	0.0001543855	-0.08291942349999999	-0.0007694576	0.0740187092	0.1366120744	-0.0281765658	0.0460737675	-0.026950749700000002	-0.0609321942	0.0143794467	0.104060493	-0.0598184146	-0.0158220049	-0.1360962946	0.0633085245	0.0225348581	0.0739372387	-0.1342887184	0.047757426500000005	0.034977385699999995	0.0137316874	0.0868491159	-0.13487252119999998	-0.0246353052	-0.0230519258	0.023005812900000002	-0.021462338100000002	0.055454870999999996	0.06603153889999999	0.1169451355	-0.0739947983	-0.07265798820000001	-0.0199168754	-0.1526057341	0.013946443300000002	-0.0308978756	-0.0051811599	-0.0548391723	-0.0036975796999999997	0.0034982057	-0.045793370199999996	0.044845936600000004	-0.0188561946	-0.0388027089	0.0087384917	0.080562258	0.021567567599999997	0.1493262243	0.0108794183	-0.0747309639	-0.1283622248	0.037638505	-0.025693166899999998	-0.059584237699999994	-0.0968639752	0.026333505099999998	0.08685505810000001	-0.0247429734	-0.026710894199999998	-0.0448769775	-0.0238675486	0.015722184	0.0091775839	-0.0017137519	0.0182641713	0.0675446537	-0.033792397	0.12884620730000002	-0.0666400187	0.0113477612	-0.0255538146	-0.0457024925	-0.050903784	0.09472341039999999	-0.0403159281	-0.0558987171	0.0	0.0	0.0	0.00777696	-4.039999999998559e-06	6.048110684160001e-05	1.6321599999988353e-11	0.0674658	0.01720080000000001	0.0045516341696400005	0.0002958675206400003	0.140714	2.399999999996849e-05	0.019800429796	5.759999999984876e-10	-0.000181192	-0.00025276840000000003	3.2830540864e-08	6.389186403856003e-08	-0.000786073	0.0	0.0	6.17910761329e-07	0.00011869	9.20294e-05	8.469410464360002e-09	1.40873161e-08	0.0	0.0
4531.480413529634	4.340983537854299	20534314.7382027	18.844138075922032	4764.739385734905	3.458961714398357	11.964416141673613	22702741.413973443	4710.437904590629	4.217271961291772	17.785382795497746	22188225.25300416	4698.727652114125	3782.186809009399	0.9774060000000002	14.290733	0.05065941650000003	0.027683	-0.0194096977	0.030700637700000002	0.1637400409	-0.0306051748	-0.014519731599999999	-0.09070627070000001	0.0832703683	-0.006208487800000001	-0.0388158783	0.0748250621	0.051134483700000004	0.0280105503	0.0434213475	-0.0932201152	0.0606951474	-0.1082116501	-0.055158562300000005	0.17698834370000002	-0.0982861919	3.02707e-05	0.0172671582	-0.08221384059999999	-0.09633385189999999	0.0647285537	0.0192896059	-0.08340596759999999	-0.0678511676	-0.028794993900000006	0.1190693039	0.08554774960000001	0.0044483644	0.0123549295	-0.0473014213	-0.026905730299999996	0.0838665963	0.0076068021999999985	0.0615890405	0.0227528606	0.0621809333	-0.0292689542	0.0015530856	0.0191137486	-0.033213027400000004	-0.052085328099999995	-0.0160433698	0.08999077779999999	-0.086947687	-0.13926066869999998	-0.0685361724	-0.0106929322	-0.028918560099999997	0.026499470499999997	0.0105737074	-0.003508539	-0.0193503497	-0.0082090841	-0.1307316533	0.05744016160000001	-0.06929463	-0.0713252734	-0.0044473991999999995	0.0942679137	0.0764917704	-0.0557596808	-0.086965708	0.0734494604	-0.0019618177	0.092768425	0.0293510085	0.057028577999999996	-0.039288624700000004	0.0390932259	-0.15475322789999998	0.060805498799999996	0.06338096809999999	-0.1705347156	-0.05208597809999999	-0.1230502616	-0.015721675600000002	0.043327465999999995	-0.0555971783	-0.026862857900000002	-0.0961537932	-0.1537843421	0.0820150045	0.0709887186	-0.0040787691	0.0687441445	0.0405460839	-0.07531213070000001	0.1412556911	-0.0172395825	-0.07842016	0.0959110277	0.011719862900000001	0.0261491504	-0.1178752473	0.1129035649	0.017480153300000002	-0.10177123560000001	-0.0203486334	-0.038989111	-0.0668661421	0.1070506401	0.0229869952	-0.0664453363	-0.10203039300000001	-0.0010387007	0.04203684059999999	-0.048548724800000005	0.035780892	0.0283615046	0.0801646405	-0.0028041387	-0.0370606127	-0.0057193581	-0.05016983690000002	-0.0627224404	0.016260676499999998	-0.0488542375	0.0333836863	0.0509341717	-0.11688444869999999	-0.0732610425	0.06576567629999999	0.0024237132	-0.058275660800000004	0.037363219700000005	-0.0803272779	-0.0188830311	0.0528413629	0.006104839599999999	0.0062014622	-0.0586121645	0.0645791599	-0.1242392674	0.0742441083	-0.0057584892	0.1312445676	-0.12763705849999998	-0.0181221266	0.021100430299999997	-0.0782843599	0.0295651039	0.0696674959	-0.12701508390000002	0.0540443653	0.0648479159	0.1339770885	-0.01728606	-0.0033596245	0.1764230978	-0.05467263	-0.1476113147	0.08137590809999999	0.0522020489	0.07225483099999999	-0.041116287	-0.046875101100000004	-0.048616340300000005	0.0948944166	-0.045112741399999996	-0.0503356746	0.0	0.0	0.0	0.016650599999999998	0.008873639999999999	0.00027724248036	7.874148684959998e-05	0.0441116	-0.02335420000000001	0.00194583325456	0.0005454186576400003	0.132706	-0.008008000000000015	0.017610882435999998	6.412806400000024e-05	-0.000280399	-9.920700000000004e-05	7.862359920100001e-08	9.842028849000005e-09	-0.0007860719999999999	1.0000000001241657e-09	1.0000000002483306e-18	6.179091891839997e-07	9.42647e-06	-0.00010926353	1.1938518988060904e-08	8.88583366609e-11	0.0	0.0
4531.064998629627	-0.4154149000069083	20530550.021806493	0.1725695391477496	4820.14577246796	55.406386733055115	3069.8676908128664	23233805.26784075	4707.374078958392	-3.06382563223724	9.387027504753924	22159370.719249368	4697.849325830324	3864.4878354992347	1.119563	16.369223	0.02425270650000001	0.0123038	0.0636037476	-0.0910974586	0.1035437932	-0.0193367339	0.0785933305	0.0412454812	-0.0705222637	0.0999140378	-0.0088684176	0.0533820092	0.0445498816	0.1419023885	0.0242496716	-0.0011456361	-0.059981168	-0.054485459400000005	-0.0567187461	0.0527651145	0.0152227345	0.0342469748	-0.0205010143	-0.055446518	-0.037333776400000004	-0.0117687825	0.1263667149	0.1068875765	0.1000897286	-0.1003930123	0.0942605014	-0.015854132	-0.2127241597	0.013347424299999999	-0.0673666312	-0.053078586799999994	0.1265165402	-0.0713702959	0.0734513502	0.10764324060000001	0.0322835383	-0.0158578425	0.0011013105	-0.015159633899999999	0.076502332	0.0197962998	0.030116984500000006	0.07432643480000001	0.029615359700000007	0.1331753714	-0.0999671685	-0.1009600789	-0.0550340331	-0.0058868572	0.1935914253	-0.0362960591	-0.0022300668	-0.0188318097	0.0013673235	-0.0235375921	0.0911080139	0.017033958999999998	-0.0173715224	-0.0200745764	-0.07095175940000001	-0.0373730461	0.0401392806	-0.0104332511	-0.031170010499999998	-0.0147425851	-0.0055959407	-0.070462364	-0.0361959792	-0.0538121314	0.164828532	-0.067359541	-0.0502463313	0.0313382475	0.0626367081	-0.0871595328	-0.0243809392	-0.0922624274	0.0681521611	0.0311944247	-0.0017307978	0.034191449	0.07414982440000001	0.031421926600000004	-0.119741896	-0.0055634313	-0.055523644500000004	-0.0232545105	0.04789878349999999	-0.0315709853	0.0347222294	0.040705656800000004	0.10201997039999999	0.0592653	0.0417447907	0.10820710230000001	-0.05147144519999999	-0.10872131980000001	0.0499514706	0.0408737618	-0.0152846087	0.0124490706	-0.0278434218	0.0701537889	-0.20505146300000002	0.0112083806	0.0596696547	-0.0824932875	-0.1696307366	-0.0811237672	0.014625080300000001	-0.037173210400000004	-0.0021042465	0.053125816	-0.0702105996	-0.006133840799999999	0.0702563459	0.009859310100000001	-0.0500197619	0.06812709980000001	0.0691483176	-0.0080378322	-0.1236423161	0.04826870230000002	-0.05768900690000001	0.0338631736	-0.0013327427999999999	-0.2097590671	-0.0259711839	-0.084073921	0.015540528799999996	-0.06732467360000001	0.0291096636	0.1080954411	-0.0117070101	-0.0201581328	-0.0845332022	0.0183595012	-0.0502006805	-0.0039219204999999995	0.030066594	-0.0487731372	-0.0127985398	0.0759233872	0.08776032130000001	-0.072852084	-0.09601711660000001	-0.0841508985	0.0004026082	-0.11086185720000001	-0.03699428	-0.022782263900000002	-0.0711314732	0.0775825311	0.050847088799999995	-0.0181126829	-0.0480383225	-0.0462899555	0.0948944166	-0.049765045	-0.0445207318	0.0	0.0	0.0	0.00776323	-0.008887369999999999	6.02677400329e-05	7.898534551689998e-05	0.0500889	0.005977299999999998	0.0025088979032100002	3.5728115289999966e-05	0.138181	0.005475000000000008	0.019093988761	2.9975625000000085e-05	-0.000341528	-6.112899999999999e-05	1.16641374784e-07	3.736754640999999e-09	-0.000786073	-1.0000000001241657e-09	1.0000000002483306e-18	6.17910761329e-07	2.65572e-05	1.7130729999999994e-05	2.934619103328999e-10	7.052848718399997e-10	0.0	0.0
4530.927538652045	-0.1374599775817842	20529304.36051548	0.01889524543678461	4815.849820017815	-4.295952450145705	18.455207453912887	23192409.48896562	4708.300534150295	0.9264551919031874	0.8583192226043718	22168093.91987995	4699.619090835572	3831.2829461563256	1.013673	14.820994	0.054970715	0.0319875	0.0736228114	-0.0411380253	-0.0165836881	0.0459147334	0.0147967679	-0.1098234895	-0.050426752199999994	0.0235132789	-0.047458884400000005	0.0390215118	-0.0611345747	0.0842074669	0.0666841337	-0.051845065	0.11088151480000001	0.030349722200000002	-0.0265253644	0.10956436619999999	0.1693668576	-0.05949944190000001	0.129122349	-0.0293793125	0.021957318599999998	-0.10983560070000001	-0.10665361109999999	-0.0120985388	-0.004825981599999999	0.0522014224	-0.1120295921	0.15916339710000002	-0.053378912699999996	-0.045527197199999994	-0.1100401592	-0.023074845899999998	-0.0504012222	-0.0391447258	-0.0218714119	-0.034061103599999996	0.08649043470000001	-0.0231236052	-0.0524006157	0.053412269000000005	-0.070221122	-0.0554450598	0.0661506812	0.0083771834	0.0267434598	0.08057936190000001	-0.0880208079	-0.0860949484	-0.0485476531	0.0163154187	-0.0703390417	0.0384773965	-0.046082653700000004	0.061401389199999996	-0.0498846939	-0.0206416856	0.0118459609	0.08673194449999999	-0.0213452154	-0.0265032423	-0.0748686841	0.065029709	0.0368410152	0.005148492100000001	0.08480900539999997	-0.1181570729	-0.0754670836	-0.0333010287	0.1537261707	-0.1189369245	0.0872862311	-0.028856260499999998	0.0207499772	-0.0573353443	0.0838041305	0.0434879436	0.08262351059999999	0.11023323210000001	-0.022745593199999997	0.0273514323	-0.0500513115	-0.1526068376	0.0474606957	-0.06537874519999999	-0.0830235119	0.0716780475	0.057767448799999996	-0.0444209803	-0.0055872802	0.10233549550000001	-0.10350824130000001	-0.005818789499999999	0.19999370379999998	-0.060621298899999995	-0.0210645944	0.11034850380000001	-0.0432249512	0.0850337793	-0.11747832960000001	0.0288313137	-0.013700342800000001	-0.00048582089999999996	0.0067546752	0.08643687119999999	0.0622326749	-0.0825620671	-0.0722629102	0.12360286289999999	0.0568881646	-0.0175423032	0.09115669400000001	-0.015182193500000003	0.008510021	0.021980079	-0.0448992146	-0.053372400599999995	-0.0734460714	-0.019310748500000002	0.0085909336	0.0188467297	0.08271435190000001	-0.073492847	-0.0450339225	0.0522924415	-0.0880696857	0.1571898468	0.0101025521	0.0249837174	0.0137570076	-0.0419733196	0.0662943567	0.028710861400000006	0.0072493824	0.0191670449	-0.0362252638	-0.0144496521	-0.0798090625	0.0245220665	0.0756309669	-0.0198313501	-0.0020840470000000003	0.06236814230000001	-0.044585050999999994	-0.0660508647	0.0728675729	-0.09533479519999999	-0.1300455176	0.0170773578	0.0941907151	0.1589421268	0.0768635374	-0.057799170999999996	-0.0713759776	-0.0458002889	-0.037836466299999996	0.1768035348	-0.0491919241	-0.0439264932	0.09472341039999999	-0.0542579362	-0.038482989100000004	0.0	0.0	0.0	0.00765228	-0.00011095000000000027	5.85573891984e-05	1.2309902500000064e-08	0.05338919999999999	0.003300299999999992	0.002850406676639999	1.0891980089999948e-05	0.124322	-0.013858999999999995	0.015455959683999999	0.0001920718809999999	-0.000450445	-0.000108917	2.02900698025e-07	1.1862912888999995e-08	-0.000245488	0.000540585	2.92232142225e-07	6.0264358144e-08	-7.79501e-05	-0.0001045073	1.092177575329e-08	6.076218090010001e-09	0.0	0.0
4538.5643276087785	7.636788956733652	20598566.155842926	58.320545569689074	4797.244025956501	-18.605794061313645	346.1755726520142	23013550.244575337	4706.567738985365	-1.7327951649294846	3.0025790836029995	22151779.881657813	4697.484593025272	3846.392337211501	0.907685	13.271335	0.057084065	0.033817400000000004	0.10695947759999999	-0.0012315716	-0.058616406100000004	-0.0356147952	0.0070717623	-0.0369746395	-0.0741357829	-0.05180877019999999	0.0323300375	0.0084510117	-0.10883997039999999	0.135859849	0.0523634736	-0.0747462326	-0.0789146018	-0.0792077792	-0.0727993745	0.0696056295	-0.013644116699999998	-0.0904736192	0.0509577519	-0.040110126499999996	-0.0771918275	0.013373324399999999	-0.046210517400000005	0.001404963	0.0001742675	0.0216528066	-0.006827272	-0.0013474763000000001	0.0120612251	-0.041855001600000004	-0.045060564299999994	0.0510431585	-0.0054059115	-0.0145159243	0.0085366565	-0.0496605725	0.0778110973	-0.1640561045	0.0462245091	0.0250309754	-0.0051124351	0.0069302363	-0.0337131566	-0.0019119571	-0.0076336619999999985	0.0354080083	-0.0161554751	0.0192961247	-0.0088053588	0.0257496969	-0.1369866901	0.0697373095	0.0100833036	-0.020712991200000003	0.0719134999	0.09267373029999999	0.10047621080000001	-0.07288066139999999	-0.026724594900000002	0.0296526737	0.0728555891	-0.07610311480000001	0.0386435859	-0.0150198226	0.054701121299999995	-0.0269973919	0.06839712440000001	-0.0351323052	-0.005142022	-0.0072036721	-0.011046313799999999	0.0365760707	0.0593582068	0.15762474099999998	0.035007951	0.004810209	0.12123356199999999	0.029309989300000002	-0.1620384111	0.028794791099999998	0.0033636433	-0.0404354221	0.0150441994	-0.09181812519999999	-0.1103858591	0.0624323867	-0.0308601215	0.0058722562	0.12904937560000002	-2.1875900000000002e-05	0.0406964079	0.08527948630000001	-0.0146740516	-0.0409344273	-0.0463508958	0.1107952425	-0.015518876499999999	0.016557716899999998	0.0417675238	0.04350864980000002	-0.017139330300000002	-0.0347675405	0.0053949406	0.0127889548	-0.023587136800000002	-0.0390694548	-0.061251982	0.0103759373	0.0696105738	0.0841100114	0.0489937087	-0.0399095884	0.036487401600000004	-0.041840535299999995	-0.1141810684	-0.09100893380000001	0.0350115239	-0.0446676185	0.0327994963	-0.05823658070000001	0.0111698205	-0.0229675896	-0.0410588182	0.0325741512	0.0467647578	0.061493106900000004	0.0040630703	0.1024975709	-0.0204776968	-0.051415422999999995	-0.1605348703	-0.0373879194	-0.010860021599999999	-0.0273228307	0.062306338899999994	0.0314775116	0.09605151619999999	-0.0371484262	0.029284892599999997	-0.011601166000000001	0.0126256841	-0.0803943349	-0.0229462852	-0.022568272599999998	-0.1347206192	-0.073261065	-0.0096422324	-0.052717236900000006	-0.0017796201	-0.07031334759999999	0.061175785	0.0219144198	-0.0762073723	-0.0205042564	-0.09652457789999999	0.0806493115	-0.0503356746	-0.0415278464	0.0943817063	-0.0585770229	-0.032252662	0.0	0.0	0.0	0.00778356	0.00013128000000000008	6.05838062736e-05	1.7234438400000028e-08	0.07225099999999998	0.01886179999999999	0.005220207000999997	0.00035576749923999965	0.12108600000000005	-0.0032359999999999477	0.014661819396000012	1.047169599999966e-05	-0.000606181	-0.000155736	3.67455404761e-07	2.4253701696000005e-08	-0.000786073	-0.000540585	2.92232142225e-07	6.17910761329e-07	-7.872879999999997e-05	-7.78699999999966e-07	6.063736899999471e-13	6.198223949439995e-09	0.0	0.0
4549.908302781876	11.343975173097535	20701665.56372345	128.68577272785322	4808.583900440823	11.339874484321625	128.5927533201687	23122479.12757868	4706.2036952000735	-0.3640437852918694	0.13252787760963272	22148353.220714826	4697.5482918671005	3903.3931849692094	0.884367	12.930399	0.043696949999999984	0.0233377	0.155758091	0.0465880733	-0.0205987634	-0.0196365951	0.0090307962	-0.0571133639	-0.1332905584	-0.0536679412	-0.0203429133	-0.0255718204	-0.1164407351	-0.0071611573	0.11822080759999999	-0.047091162699999994	-0.0274896436	0.0444620763	-0.0021893341	-0.0006466916999999999	0.032048016299999996	-0.0141099692	0.038859928599999996	0.1365838264	-0.0664719686	0.0019143095	-0.053827626399999995	0.013616271299999998	0.0543540829	-0.0833127359	0.0185519102	0.0002014168	-0.05764671	0.007916458000000001	0.0212022563	0.0958559311	-0.0566358982	-0.08701597400000001	-0.0608464091	0.019865396	0.0067591552	0.0517045545	-0.0080486805	0.0011090389	-0.11495507740000001	-0.048192123200000006	0.0283667604	-0.0781543234	-0.0932006477	0.0524433963	0.1421941977	0.09386980199999999	0.0032166156	0.0437225986	-0.1233626688	-0.0801687364	-0.0698916622	-0.0467476124	0.091377494	-0.0766670337	-0.1062764306	0.11499163300000001	0.0089898991	-0.0633308615	-0.16969409670000002	-0.0949172114	-0.020188299399999998	-0.025500982000000002	-0.0755138543	-0.0537892191	0.0089218503	0.035748678900000004	-0.0573184224	0.13134719179999998	-0.0194993091	-0.031371695	-0.0318325163	0.0044195823	0.0737312688	-0.0034847343	0.0258326437	-0.0213601674	0.019977046499999998	0.0033626873999999998	0.0434866109	0.0418790458	-0.0223909654	-0.0993584375	-0.060193675499999995	0.141165614	0.0535554943	0.0673442012	0.0027241465999999995	-0.0004939411	0.0121136715	0.0228743898	0.0167595686	-0.0777310675	-0.0102703296	-0.0856768321	-0.1007507319	-0.0168393012	-0.044962608099999996	0.06316675	0.07366876280000001	0.0179993429	0.0675985026	0.103910782	-0.052851343099999996	0.0909413202	-0.11513375	-0.0024203641	-0.0178272357	-0.0158912676	-0.053756795700000005	0.0457004085	-0.0050979291	-0.0363859586	-0.0039395614	0.057540210099999996	-0.1040871308	-0.0854245646	0.1252376782	-0.029667991299999998	0.0803982199	0.0165527169	0.1058959608	0.0261503545	0.0154584963	-0.074539179	-0.0295964676	0.0580657087	-0.0387893416	0.0670629149	0.0953606173	0.0239758987	-0.17634313010000002	0.0961728324	-0.06594746879999999	-0.0093413621	0.053959866100000003	0.1624682304	-0.1138246402	-0.0309953406	0.044820697	-0.019128473	-0.06469091980000001	0.12103058900000001	-0.033803151600000005	0.1006907952	0.0216880003	0.0124801734	0.0319372492	-0.0270231249	0.0065302205	0.0037982526	-0.012546546100000002	-0.061601137699999996	-0.0769158603	-0.0242309048	-0.051469345	-0.0390959363	0.0938699199	-0.0627084696	-0.0258609294	0.0	0.0	0.0	0.00784197	5.841000000000006e-05	6.14964934809e-05	3.4117281000000066e-09	0.0673963	-0.004854699999999976	0.004542261253690001	2.3568112089999766e-05	0.102857	-0.01822900000000006	0.010579562448999998	0.00033229644100000235	-0.000809382	-0.000203201	6.55099221924e-07	4.1290646400999984e-08	-0.000786073	0.0	0.0	6.17910761329e-07	0.00012916700000000002	0.00020789580000000002	4.3220663657639995e-08	1.6684113889000004e-08	0.0	0.0
4549.630426738551	-0.2778760433247953	20699137.019905213	0.07721509545384353	4788.025127996098	-20.55877244472504	422.66312443398544	22925184.62632205	4713.149298561568	6.945603361494251	48.241406055200216	22213776.3105314	4704.345986581339	3943.358151146813	0.917209	13.410587	0.050039674999999985	0.0291004	0.1712217023	0.0360613554	0.0686373693	-0.042691843300000004	0.0198934635	-0.0068978283	-0.0236611365	-0.1308639934	-0.027716772200000003	0.0480723083	-0.1444071601	-0.03512162	0.09194808199999999	-0.0212423979	-0.148925539	-0.091912395	0.008896252700000001	0.0083782909	0.0332152838	0.0503839066	0.06914700230000001	-0.0157795149	-0.0774880981	-0.0364474609	-0.09893699210000001	-0.028119001499999997	-0.0168488137	-0.1115953042	0.0279900896	-0.0680536769	-0.011314771699999998	0.1100103625	0.0733366102	0.2373434717000001	0.0289701373	0.0671091511	0.0104566088	-0.036118125699999996	0.0435763708	0.1325221368	-0.1845563614	0.0394605593	0.0310530451	0.0477650617	0.0687360543	0.0006755221	0.08020468780000001	0.1067894026	0.0777630289	-0.0710464948	0.0008738333000000001	-0.0709629211	-0.0236729866	0.0104175598	-0.0556937169	-0.0825979721	-0.038872825800000003	0.05272501190000002	0.0135431973	0.0609769592	0.0024947885999999997	0.040430846299999997	0.08420743060000001	-0.0686758108	-0.00047284650000000003	-0.0026344085999999997	0.011364481999999999	-0.1087694026	-0.0261324998	0.0567928628	-0.073598125	0.052031233899999994	0.057604874699999996	-0.1185826324	0.0221579039	0.06949274150000001	-0.0301322017	-0.0488905265	0.09776719980000001	-0.0736545183	0.06965667730000001	0.015569965900000001	-0.0415481656	0.0329768874	0.049254637000000004	-0.12472013609999999	-0.0289132519	0.105705775	-0.0109450134	0.121014945	0.0705522848	-0.039421612	0.10905376230000001	0.0177958931	0.020870968700000003	0.0355257737	-0.1297175008	-0.0282422243	-0.0498986638	0.0153318581	-0.055516578399999995	-0.009953021500000001	0.144948771	-0.0447674456	-0.012901574499999999	0.0950837859	-0.1114510869	0.1256184032	-0.065490698	-0.0560252519	0.1199589491	0.1481392055	0.0084767019	0.1454896053	-0.0058778602000000004	0.12107228310000001	0.022668126299999997	0.169864882	-0.0044675869	-0.0008195124	-0.06525903799999999	0.022521930099999997	0.1008162259	-0.0048793914	-0.0699516053	-0.11097450910000001	0.0152573632	0.0112971796	0.0504790967	0.014740301599999997	0.0184961775	-0.083059067	-0.010772201100000002	-0.07621578679999999	-0.060089795099999996	-0.0911910157	-0.016014378	0.016544694199999998	0.0749176658	-0.0808329559	0.0262885627	-0.043704807400000004	0.0389717085	0.06449387690000001	-0.12005316279999999	0.0642575609	0.0661350535	0.0167667157	0.0165683943	-0.1092925866	-0.0756744566	-0.12203132369999999	-0.023474930699999997	-0.057452924100000004	0.0237482342	0.057928567699999996	-0.0072385294	0.0514460129	-0.0525927084	-0.036632711	0.09318897359999999	-0.0666390423	-0.0193397782	0.0	0.0	0.0	0.0116036	0.00376163	0.00013464353296000002	1.41498602569e-05	0.0785556	0.011159299999999995	0.0061709822913600006	0.00012452997648999993	0.105653	0.0027960000000000072	0.011162556409	7.817616000000039e-06	-0.000365847	0.000443535	1.3384402740899998e-07	1.96723296225e-07	-0.000786073	0.0	0.0	6.17910761329e-07	-7.37529e-05	-0.0002029199	4.117648581601001e-08	5.4394902584100006e-09	0.0	0.0
4537.689460734298	-11.940966004252912	20590625.64205913	142.5866691147238	4853.553402694789	65.52827469869135	4293.954784987152	23556980.632810164	4714.513908037108	1.3646094755404192	1.862159020734698	22226641.389075328	4705.47020557742	3887.1337175441577	0.955355	13.968324	0.05196439499999999	0.0292525	0.11414116369999999	0.0121711404	0.12241574599999999	0.051602347800000004	0.08869688140000001	-0.057511796	-0.06701830269999999	0.0085570217	0.09157335679999999	0.0947939592	-0.0799417717	-0.0155467222	0.037967311000000004	0.08402045609999999	-0.0701118846	-0.0178489285	0.0010300649000000001	-0.10082208220000001	0.031095072	-0.0499102283	-0.0634622286	0.0992569989	0.10739553810000001	-0.0959457183	-0.0750313113	0.0081710149	0.017135098600000002	-0.09686051400000001	0.0291020621	-0.050745388499999995	0.0352928929	0.1574524131	-0.0828249782	0.13785367810000002	-0.0219066746	0.1000179366	-0.0426022742	0.0438316613	-0.036061978599999996	-0.072453245	0.0534338046	0.0034851513000000002	0.0360026767	0.0477584513	-0.0084381616	0.13263192669999999	-0.0079760483	-0.0822360954	0.0178310562	-0.0695298872	0.0080658838	0.0711330639	0.0048269894	0.009174597900000001	0.0541141361	-0.0602261218	0.0475446764	-0.0254013942	-0.0009711277	-0.0314012518	0.0355136369	-0.0757460505	0.1140187454	0.0202149591	0.0024238053	0.0075402165	0.1442219309	0.0316946679	-0.049665244000000004	0.1055168299	0.057155421799999995	-0.1086129341	-0.07565189209999999	0.000651524	-0.0678144309	0.1515316099	-0.0436659081	0.056231725	-0.1794690401	0.0041829796	-0.14259718429999999	0.0083505583	0.0064776497	-0.056545649	0.09344200710000004	-0.0888998984	0.0041222791	0.0005320527	-0.0841167033	0.0815920388	-0.047827103200000005	0.0167816787	0.0633499788	-0.0142287098	-0.0176266029	-0.0405184852	0.12029340699999999	-0.0619120092	0.025477596600000003	0.010041166800000001	-0.1215839775	-0.0393316689	0.13900067300000002	-0.1122298143	0.0188061759	-0.06788999309999999	-0.1257818128	0.0723046458	0.0195885501	0.0366813397	0.0918099082	0.043574159	-0.1330331788	-0.065621823	0.0295592439	-0.0526577603	-0.07178391190000001	0.0185821879	0.11521079699999999	-0.050342040899999996	-0.047560856299999996	0.0782019509	-0.0617402479	0.0220496348	0.0448954226	-0.0398698419	-0.0160306141	0.0075607892	-0.0033403618	-0.059722657900000004	-0.0704034117	-0.0220335853	-0.0913930532	0.0665573751	-0.0151134109	-0.11004915230000001	0.0165743858	0.0069846513	-0.0390022957	-0.012224224799999999	0.1212336106	-0.0794678206	0.0504222834	0.0153120684	-0.0092959695	-0.11968176009999999	-0.0889105283	-0.05123937889999999	0.0417609471	0.1348409132	-0.042781760700000004	-0.09450679199999999	0.0691746367	0.0196461769	0.0581986989	-0.1873909723	0.1506920661	-0.034758383999999996	-0.05370553980000002	-0.034140143399999996	0.0923400945	-0.07035615	-0.0127218428	0.0	0.0	0.0	0.007740109999999999	-0.0038634900000000015	5.9909302812099985e-05	1.4926554980100012e-05	0.08627279999999997	0.007717199999999966	0.007442996019839994	5.955517583999948e-05	0.13034500000000002	0.02469200000000002	0.016989819025000002	0.0006096948640000009	-0.000487193	-0.00012134600000000005	2.37357019249e-07	1.472485171600001e-08	-0.000786073	0.0	0.0	6.17910761329e-07	-0.000266241	-0.0001924881	3.705166864160999e-08	7.088427008099998e-08	0.0	0.0
4527.679627871215	-10.00983286308292	20499882.812640026	100.1967539468548	4828.422680854796	-25.130721839992475	631.5531801990747	23313665.58499302	4712.959140785871	-1.5547672512375357	2.4173012055207224	22211983.86271709	4704.405199589236	3812.8924217502085	0.92416	13.512224	0.07035227000000001	0.0373042	0.0444311192	-0.0299347394	0.0972193806	0.1526159288	0.1053927318	-0.0701394612	-0.0400694852	0.0657473222	-0.0697279971	0.101617068	-0.060350644400000014	-0.0229438602	-0.0642194159	0.007578356800000002	0.031903829	0.0520212905	0.0321407027	-0.04828450559999999	0.0162343616	0.0984736604	-0.0899782341	0.027441580299999997	0.0178412919	-0.0299047858	-0.0686124975	-0.048514271500000004	0.08066232400000001	-0.1949207331	0.0833486526	0.017352152	-0.016592158500000002	-0.0609765489	-0.0697857313	0.0339196008	0.0610259998	0.0268945514	0.0019350523000000001	0.1276960905	-0.0034111108	0.029209979700000006	0.027880319900000002	0.0567537464	-0.010297379399999999	-0.020986974	-0.0925770441	-0.08464225189999999	0.1204106094	-0.0856451209	-0.0730514375	-0.0291544141	0.005602376500000001	0.14640064949999998	0.0835856009	0.0218607369	-0.0365934708	0.0335393464	-0.0138536694	-0.016144799999999997	-0.0073773288	-0.053709821100000006	-0.0016246964999999999	-0.09440882099999999	-0.008866738	-0.0384903549	-0.0919288781	0.0629742908	-0.013947430600000001	-0.0610380768	0.0322510998	-0.0334729228	0.0706691448	-0.1050074145	0.1028407414	0.0673364644	-0.16695938400000002	-0.0483741188	-0.025002483199999998	0.0679694042	-0.0010454032000000002	-0.0033340346000000002	-0.053334684400000006	-0.0752359923	0.0096596102	0.0376557758	0.1001678103	-0.0824030768	0.010024625	-0.0612319634	0.0580779455	-0.0114291677	-0.0408849315	0.028387158399999998	-0.0002866422	-0.030669934399999998	-0.0302223239	0.0987043305	0.0210638392	-0.06611741639999999	-0.0243764951	-0.0732878045	-0.08528670199999999	-0.0213240561	0.133264639	-0.0019437264000000001	0.1307017166	0.022541640800000002	-0.0949472891	-0.07173477219999999	-0.0196828931	-0.0776017598	-0.0471614782	0.0183209391	0.0016740686	0.0105541297	-0.064514242	-0.04476692980000002	-0.06623415490000001	0.0223361157	0.0255920682	0.1725393729	-0.1497335757	-0.07593864360000001	-0.0017229501	-0.0716064818	0.1044125016	0.0780942594	-0.0691331573	0.0425804071	-0.05065038980000002	-0.085049494	-0.055578294199999996	0.0601277056	0.026061936	0.0207870654	0.0646628009	-0.0188427707	0.0389468658	-0.0227915575	0.042385367400000006	0.0797832373	-0.0137372976	0.0265519133	0.0191501479	0.036898037599999996	-0.0220311716	0.061773333099999994	0.0288769377	-0.1983068705	-0.0510603773	0.1617820337	0.0974369134	0.0311215386	-0.0440990731	0.059094172699999996	0.0613097545	0.019883080900000002	0.0122524322	-0.0758704513	-0.0548076162	-0.03162023	0.0913248123	-0.0738478857	-0.0060402421999999996	0.0	0.0	0.0	0.00776633	2.6220000000001277e-05	6.03158816689e-05	6.87488400000067e-10	0.06758360000000001	-0.018689199999999958	0.004567542988960001	0.00034928619663999853	0.141266	0.010920999999999986	0.019956082756	0.00011926824099999971	0.00018181	0.000669003	3.30548761e-08	4.4756501400900004e-07	-0.000786073	0.0	0.0	6.17910761329e-07	-0.000120927	0.00014531399999999996	2.111615859599999e-08	1.4623339329e-08	0.0	0.0
4518.365640131833	-9.313987739382355	20415628.05792395	86.75036760936486	4804.161949385296	-24.26073146950057	588.5830914352152	23079972.035921525	4709.74383980372	-3.2153009821504384	10.338160405817574	22181687.03656909	4700.6046630567525	3756.4480322883032	0.866276	12.665891	0.013857819999999995	0.00837355	-0.0062326852	-0.0089186196	0.0631715201	0.0480785013	0.06951438139999999	0.2016782491	-0.025111933	-0.0777541283	-0.029526831200000006	0.0462051929	-0.0779967872	0.0100574451	-0.1592901042	0.0115544698	-0.0044358022	-0.0557683904	-0.0334030712	-0.04214614480000002	-0.1254965123	-0.017477976699999998	-0.10477623960000004	-0.0332090734	-0.0401310105	0.0233024113	0.08103630740000001	0.0867585967	-0.0363959477	-0.0528433127	0.0428309025	-0.09648733720000001	0.1005422665	0.015521616	0.0682304662	0.0273963771	-0.060697879800000014	-0.0722881592	0.0325353124	-0.0345060886	-0.0424907705	-0.0309826044	0.052724114	-0.0152150926	-0.016116856399999997	0.1560360084	-0.011831163300000001	-0.0003615046	0.0169177651	-0.0003222107	0.0040409444000000004	0.0745222903	0.0328907866	-0.0165429746	-0.0045777011	-0.0728942507	0.0180351194	0.08461010710000001	-0.0966518647	-0.0611788396	0.0659300341	0.0130057734	0.1693718827	-0.0326512087	0.0892509104	0.07444966780000001	0.030753597400000002	0.0760208059	-0.0108840443	0.0093203022	-0.0351482828	-0.034806738	-0.0114433201	-0.0190873789	0.10458387039999999	0.0224771132	0.043578081100000006	0.0838232509	-0.0267281306	-0.0420207701	0.032913017	0.04167607	-0.0117206419	0.1155550974	0.09333031539999999	-0.0608783019	0.042607847000000004	-0.0723973647	0.0246116385	-0.12049894230000001	-0.035934244	-0.0533046573	0.0634051209	-0.0359395615	0.007019595	0.0378843817	-0.1596932529	0.047303295	0.0495841425	0.0232840852	0.0050132813	-0.0622913829	0.1107768327	0.011758071399999999	0.06828658480000001	-0.0119305929	-0.0872230967	-0.0969018894	0.0063600622	0.0786789063	-0.0377235196	-0.0520931013	-0.0434348421	0.0184525052	0.017262623799999998	-0.0430333153	0.08398613869999999	-0.013699936999999999	0.0265257257	0.0217229152	-0.0401952698	-0.0206972213	-0.0326525273	-0.034588924900000005	-0.040965183599999996	0.0566609578	-0.0610208666	0.0293546334	0.09127591089999999	-0.0957648344	-0.0343226847	0.047515777	-0.1032493673	-0.0352692596	0.0874197138	0.10478234289999999	0.0708097054	-0.10995892630000001	0.0042557653	0.0474162523	-0.08457802880000001	-0.05996640070000001	-0.0574940741	0.053671988399999995	0.0466935114	0.0660345241	0.0557360154	0.012505973500000002	-0.0275747523	-0.0493395603	-0.0841105258	-0.0364136708	-0.0671253492	-0.0266948838	-0.0391846225	-0.0122721495	-0.09876256800000001	-0.0102617425	-0.0273681028	0.0583166018	-0.0558987171	-0.029074989300000006	0.0901449566	-0.0771030644	0.0006715861999999999	0.0	0.0	0.0	0.00776953	3.2000000000000774e-06	6.03655964209e-05	1.0240000000000498e-11	0.06258850000000002	-0.004995099999999989	0.003917320332250002	2.495102400999989e-05	0.148013	0.006747000000000003	0.021907848169	4.552200900000004e-05	0.000196548	1.4738000000000005e-05	3.8631116304e-08	2.1720864400000022e-10	-0.000786073	0.0	0.0	6.17910761329e-07	-9.341459999999997e-05	2.751240000000001e-05	7.569321537600009e-10	8.726287493159998e-09	0.0	0.0
4510.933031602506	-7.432608529326898	20348516.81560258	55.24366955022297	4765.3333791602745	-38.828570225021394	1507.657865719418	22708402.21453908	4703.831641514978	-5.91219828874182	34.954088605401694	22126032.111717496	4694.364108916815	3718.8451518142388	0.893459	13.06334	0.05589350999999999	0.0308561	-0.025203120699999998	-0.0083016214	0.0397282006	0.1434840603	-0.035131381600000004	0.0492266938	0.0527824227	-0.0034068876	0.0678642431	-0.0328085337	-0.0124432961	0.0114100247	-0.18684120010000002	0.052927985	0.0338752154	-0.0094276154	0.0359015282	-0.0091670104	-0.058188391900000004	0.0293247086	0.053927456	-0.09548929619999999	-0.0359043235	-0.036406706000000004	0.0345670342	-0.0026285336	-0.07006960150000001	-0.0266955173	0.10830826710000001	-0.0947717683	0.018462822099999998	-0.015850031100000002	0.055614683	-0.0317858081	0.1265756801	-0.010288322800000001	0.07701637809999999	-0.0570000429	-0.15506776619999998	-0.017777323799999998	-0.0741706765	0.15001011779999998	-0.051345019400000004	-0.0399967927	-0.031839368199999996	0.0612606368	0.08745451539999999	0.013422155500000001	0.0139042207	-0.0412915	-0.0161121233	-0.0934491315	0.0938839013	-0.0621121034	-0.049492672	0.0231480853	0.0841913992	-0.003393745	0.08963746550000001	0.09738574720000001	0.0443255544	-0.0161292575	-0.048900306500000004	-0.0641961776	0.0268310081	0.0699065976	0.035287670099999995	0.040054945099999996	-0.0351423287	-0.0790923082	-0.0417010925	0.0158648823	-0.0397195925	0.06384969900000001	0.1022582782	-0.0335355918	0.0819155773	0.0238202402	0.0021692543	-0.1302096916	-0.0719159781	-0.042864813499999994	-0.049233710599999994	0.0464038628	-0.037621277	-0.0269679855	0.027504725	-0.1691528775	-0.038568723	-0.0409549663	-0.0022676777	-0.0208620982	-0.0345510784	-0.040525615099999995	-0.0526852224	0.0047884527	-0.1257187791	0.0367038054	0.0186891053	0.0429606592	0.0549774134	-0.045700917800000004	0.0527281784	0.0416436538	-0.017323548600000002	-0.0420433987	-0.0115789152	0.041910704300000004	0.0446609803	-0.13484892939999998	-0.036289336299999995	0.041939643799999995	0.0252684523	-0.0721936824	-0.146734262	0.1684905492	-0.011998832099999999	-0.06654138030000001	-0.0069878497	-0.08428947710000001	-0.1581745865	-0.0346853233	0.0204045566	0.09364699720000001	-0.0497285939	-0.1074128141	0.0547318125	0.0439971656	-0.055403163600000006	-0.0488917582	-0.0193899135	-0.044838564000000004	0.0166987372	0.0104812293	-0.0558119338	0.0091445407	-0.08609856630000001	0.0614486044	-0.057705195199999997	0.089798573	-0.0976763082	0.0118543904	-0.0017459308	-0.0144356923	0.0965450848	-0.0381890637	0.0020313135	0.0272366243	0.0104617818	-0.1392497885	0.09551315449999999	0.0328391177	-0.044987184400000005	0.0660930785	0.0134096545	0.0060360492	0.057687278099999996	-0.054018047199999995	-0.05697862400000001	-0.0265064599	0.08880265359999999	-0.0801112588	0.0073800538	0.0	0.0	0.0	0.00542336	-0.00234617	2.9412833689600006e-05	5.504513668899998e-06	0.0675245	0.004935999999999982	0.00455955810025	2.4364095999999826e-05	0.172849	0.024836	0.029876776801	0.0006168268959999999	-5.54346e-05	-0.0002519826	3.0729948771600002e-09	6.349523070275997e-08	-0.0008604669999999999	-7.439399999999987e-05	5.5344672359999815e-09	7.404034580889996e-07	5.571560000000001e-05	0.00014913020000000002	2.223981655204e-08	3.1042280833600005e-09	0.0	0.0
4505.644991789442	-5.288039813063733	20300836.792037286	27.963365064547123	4717.6759066581735	-47.65747250210097	2271.2346852885103	22256465.96026302	4704.112403442845	0.2807619278664788	0.07882726013930184	22128673.50422482	4693.805795124409	3667.9094179673216	0.941619	13.767487	0.08363225500000003	0.0424636	-0.0855881778	0.00383406	0.0239308281	0.0657483407	-0.084528961	0.0693449057	0.1003101985	0.0166016702	-0.0047484083000000005	-0.051368678499999994	0.022169017200000002	-0.0437550897	-0.0527674859	-0.031212125099999998	0.029299689700000006	-0.0529838391	-0.0873528274	0.048068291	-0.0663102113	-0.012037114299999999	-0.0880810216	-0.0111439852	0.026011567599999997	0.0115102339	0.1648968758	-0.0759785491	0.1214422931	-0.0106437973	-0.0336040423	-0.07332070360000001	-0.0330218197	-0.06332843169999999	0.013414163	0.052094149400000005	0.022696297200000003	-0.053809850599999993	0.064922994	0.08605102419999999	0.0205971656	0.0692887447	0.06911477099999999	0.1078906882	0.0243641985	0.0983034222	0.049512765800000004	-0.0203565186	0.07982562900000001	0.0270282061	0.052072372900000004	-0.0251475038	0.036231957200000005	0.0866766037	-0.0465473185	-0.0173910252	-0.055730984500000004	0.09692337300000001	0.0320329221	0.0102275562	-0.0549811475	0.0059321751	-0.0929633119	0.1101961125	0.0269177982	-0.0222156426	0.0491115221	-0.0070639275	0.0247121554	0.071388038	-0.1479221386	-0.060922348099999996	-0.0328937252	-0.0366981122	-0.038783424500000004	-0.031040613999999998	-0.0046090719	-0.047763361500000004	-0.027937915600000002	0.0852315858	0.0278594379	0.021902115	0.0104087596	0.19302298510000002	-0.024433968900000002	-0.1015375439	-0.0602877157	0.018418377	0.0642878935	-0.0640391253	0.037215023300000004	-0.0398562335	0.037131306499999996	-0.0183522929	-0.0249245095	0.0925368279	-0.0121376656	0.026444493399999998	0.0675035675	0.0391339504	0.038352614300000004	-0.1454029891	0.0773752598	-0.15112679769999998	-0.0618599387	-0.09467440380000001	-0.029747556499999998	0.0267430435	-0.0287024083	-0.024378134	0.0077498197	-0.08669584179999999	-0.1098099708	0.042342793200000006	0.0481104782	-0.0340067662	0.0401126343	-0.0593742869	-0.0784173483	0.1400679172	-0.0425004237	0.0206651537	-0.11110245519999999	-0.0177165145	0.06834856190000001	-0.0047950214	-0.0011428392	-0.054738448200000005	-0.0337877114	0.024005645	-0.0896008636	0.0642503113	-0.032222305	0.0358420395	0.0214198925	0.024493094700000002	-0.0050958165	0.0548404592	-0.07505891	-0.0744278449	0.0431276757	-0.0387441125	0.0632492305	0.0008565500999999999	0.048524012699999994	0.0878007781	0.08845557359999999	0.0393006502	0.0458444036	0.0738602018	0.0394059928	-0.0148980303	0.046472262199999996	0.016354232399999998	0.09953098380000001	0.0171305536	-0.1029443475	0.0204691884	0.0439622343	0.1280127911	-0.0580471204	-0.0239166992	0.0873003222	-0.08286283259999999	0.014051588600000001	0.0	0.0	0.0	0.00775956	0.0023361999999999996	6.021077139360001e-05	5.457830440000002e-06	0.0422879	-0.0252366	0.0017882664864100003	0.0006368859795599999	0.14686	-0.02598900000000001	0.0215678596	0.0006754281210000008	0.00036956	0.0004249946	1.365745936e-07	1.8062041002916005e-07	-0.0007550429999999997	0.00010542400000000012	1.1114219776000026e-08	5.700899318489996e-07	-1.5274900000000002e-05	-7.09905e-05	5.03965109025e-09	2.3332257001000004e-10	0.0	0.0
4503.19611501919	-2.4488767702523546	20278775.250323925	5.996997435881604	4775.407267657193	57.73136099901967	3332.9100427991298	22804514.57199314	4704.424451539176	0.3120480963307273	0.09737401442363083	22131609.420239672	4691.8641191603365	3630.119424872376	0.955128	13.965013	0.07899628999999997	0.0433995	-0.1197330305	0.0118547325	-0.0073259772	0.0177398182	0.0179648623	0.0677073604	0.0502760894	0.1008837443	0.1652063057	-0.0503143206	0.0416968641	-0.06484030240000001	-0.0304290798	-0.031027461099999997	-0.0804911387	-0.1057919214	0.0312467054	0.0830671037	-0.0072396482	0.060849804699999996	0.0531836309	-0.0435530204	0.0958636917	-0.032638921800000005	0.0426843392	-0.0245388983	-0.07143462860000001	0.0099656725	-0.009010109399999999	-0.0068295828	-0.0447522239	0.0308420616	-0.1382265074	0.053109653799999997	-0.0174996653	-0.027353487000000003	0.0882300018	-0.0175418322	0.0153027431	0.0077543861	0.015030264599999999	-0.0201711638	-0.1015994559	0.0375452284	0.10691920630000001	-0.0838868141	-0.0693834519	-0.1073700886	-0.0014156031	-0.0914371699	0.1328956935	-0.026226773199999998	-0.025804104300000002	0.0089514425	-0.06630725330000001	-0.0009998073	0.012828112	0.0339060281	0.07467866769999999	-0.0064803573	-0.0959389983	-0.04926419730000002	-0.017732051000000002	0.029979241400000002	-0.0537294378	0.0791568308	0.0007885264	0.0704190661	-0.0145981206	-0.021853888	-0.1192037183	0.0631535829	-0.1340478034	0.0127937922	-0.046621426699999996	-0.0389196598	0.19178380550000002	-0.0612096314	-0.0208534212	-0.029074821299999998	0.0185654913	0.0504786215	0.1085707783	0.0869216948	-0.059694716900000014	0.05586769900000002	0.0797197806	-0.04944984	-0.053860694900000006	0.0295371564	0.093674765	-0.053493235300000004	0.046952596	0.007673736899999999	0.1021782358	0.0352653693	0.005478414	0.0467227581	0.0516707816	0.0039060347	-0.061367226399999995	-0.0748086789	-0.0206815795	0.0659087392	-0.0838346106	-0.0072322368000000015	-0.1251471342	-0.0258262857	-0.043486123700000004	0.0570566319	0.0326347816	0.0001014262	0.021799591899999998	-0.0209319907	0.0039310743	-0.0562239855	0.0735489872	-0.0031844205	-0.17986298620000002	0.055047153	0.010787392600000001	-0.0110739756	-0.088430631	-0.07900055730000001	0.002054435	-0.09700454970000001	0.044935538899999995	0.05544818730000002	-0.021949311000000003	0.0427361496	-0.0360489512	-0.04197985940000002	-0.0086556125	-0.020183805200000002	-0.0785813648	0.0200843467	0.0136959118	-0.0992488959	-0.0258117668	0.0132823322	-0.10520352289999996	-0.022265135099999996	-0.1143758494	0.0162677744	0.0219814076	-0.0131675218	-0.0731610844	0.0577212087	0.13106926130000002	-0.0913071566	0.1466246289	-0.048874679299999994	-0.08963463599999999	-0.0449745716	-0.1485939785	-0.0649487554	-0.023060343100000002	-0.09226800630000001	-0.059103992599999995	-0.021307781499999998	0.0856406697	-0.08534897179999999	0.0206528034	0.0	0.0	0.0	0.00778972	3.0159999999999562e-05	6.06797376784e-05	9.096255999999736e-10	0.06519370000000001	0.022905800000000004	0.004250218519690001	0.0005246756736400002	0.165525	0.01866500000000001	0.027398525625000003	0.00034838222500000056	-0.000264092	-0.000633652	6.9744584464e-08	4.01514857104e-07	-0.0008551709999999997	-0.00010012799999999999	1.0025616384000001e-08	7.313174392409995e-07	-2.94015e-05	-1.4126599999999996e-05	1.9956082755999996e-10	8.644482022500001e-10	0.0	0.0
4507.159034788775	3.9629197695849134	20314482.56487808	15.704733100166953	4748.350567134944	-27.05670052224923	732.0650431506817	22546833.108410746	4706.886739563577	2.46228802440146	6.062862315110843	22154782.77907944	4695.016694234613	3639.38628533508	0.975794	14.267164	0.04145411500000002	0.0264899	-0.1116167673	0.0114087506	-0.0085516833	0.048662217800000004	-0.0288021598	-0.0912464857	0.099883502	0.0555121332	-0.004451275	0.0140823708	0.1091804464	-0.0040174581	0.0610675089	-0.09444717529999999	0.0394910001	-0.015093650600000001	0.018852582	0.013239573700000002	0.06347068759999999	0.0081539976	-0.0626702597	0.0029986471	0.010058434100000001	0.11746166949999999	0.0290323061	0.0593272958	-0.0379161541	-0.09426656470000001	-0.06443967099999999	-0.0948166247	-0.0620573029	-0.0657009836	-0.1112106555	-0.06041289320000001	-0.015924939699999998	0.0175911482	0.04229504480000002	-0.099055935	0.11095383269999999	0.09702437400000001	0.045514038099999994	-0.08345372570000001	-0.0832183877	0.031330057599999996	-0.0516386876	-0.0028959775	-0.0048903909	-0.0755159131	0.07823379820000001	0.043381555	0.0375852962	0.0141415961	-0.01677337	0.0777690583	-0.0712071858	0.0549290849	0.0674196511	0.0799171509	-0.0164100403	0.023104984300000003	-0.0886927249	0.047182151	0.10689911210000001	-0.0344864715	-0.0519259898	-0.0627001446	-0.048822846399999995	-0.038136062000000005	-0.0702889961	-0.09414992050000001	0.165361539	0.0260896937	-0.0735416703	-0.061998243	-0.0191560049	0.0165348454	0.0092850625	-0.07762043519999999	0.0878800356	0.0317593978	0.0314025332	-0.0834888834	0.117596085	0.0491003814	0.0199074489	0.1082801775	0.005341198199999999	0.0372021393	0.09363754619999999	-0.027805778	0.0402829433	0.0420172673	-0.0017245292	-0.019002518700000002	0.059939170199999996	0.0186221844	0.0441070134	-0.0504708561	0.06113341	-0.0983977889	0.0431870995	0.08419505050000001	0.0323391784	0.0081184366	-0.10268158470000001	-0.0106985002	-0.062424813600000004	-0.1371227104	-0.0678197693	0.0277642643	-0.0104808412	-0.0663844903	0.13695419960000002	0.0531543497	-0.0197646121	-0.0661379371	0.0560692717	0.0806030214	0.0413214971	-0.051199326100000005	0.0208698317	-0.0682515526	-0.0632579245	-0.0740983442	0.0780026458	-0.0210366475	0.1179346289	0.0695867123	-0.013804925400000001	0.043316726500000007	0.034936955299999996	0.0700346927	-0.0301646812	-0.0661785283	0.0029589079999999997	-0.026951292999999998	-0.0632479451	-0.0683537884	0.0371232226	0.1354075732	0.11692815460000001	0.1633013076	-0.0171271913	-0.0441268324	-0.0193765625	-0.0274038036	0.10280186289999999	-0.0122373147	0.1225601209	0.031485296	-0.0436999202	-0.0520299179	-0.0097496531	0.0011291563	-0.0971929457	0.0279081342	-0.12531899259999998	-0.088782556	-0.0601490288	-0.0186817967	0.083826687	-0.0875617125	0.0271506633	0.0	0.0	0.0	0.007796639999999999	6.919999999998802e-06	6.0787595289599975e-05	4.788639999998342e-11	0.06751	0.002316299999999993	0.0045576001	5.365245689999969e-06	0.14369300000000002	-0.02183199999999999	0.020647678249000004	0.0004766362239999996	-5.3577299999999986e-05	0.0002105147	2.870527075289999e-09	4.4316438916090013e-08	-0.000786073	6.909799999999975e-05	4.774533603999966e-09	6.17910761329e-07	3.69637e-05	6.636519999999999e-05	4.404339771039999e-09	1.36631511769e-09	0.0	0.0
4509.342614854015	2.1835800652397666	20334170.818138447	4.768021901312503	4751.320534261789	2.969967126845404	8.820704734542344	22575046.81929773	4707.393309227424	0.5065696638466761	0.2566128243297344	22159551.767759115	4694.618214155831	3666.5129234718484	0.921173	13.468541	0.029003595	0.0251153	-0.10032341189999999	-0.014946962	0.0074879047	-0.1274115336	0.060088596200000004	0.0770957428	-0.0206208563	0.07126269980000001	-0.0822115244	0.025488717400000003	0.08859823	0.0076397101	0.023653161699999998	-0.066719999	-0.031974809	0.0259124317	0.0188341435	0.008396765799999999	-0.0191034013	0.1295267852	0.0327750175	-0.0670169521	-0.0729638482	0.0254913032	0.0212633182	0.1046991374	-0.016052981799999998	-7.17442e-05	0.0652843432	0.0698548645	-0.0807102774	0.0360571823	0.024280379700000004	-0.0321514265	-0.017858644	-0.0200686824	-0.0614234101	-0.0362649493	-0.1005841489	0.1540112605	0.040393235699999995	0.0475050984	-0.0816918022	0.0513599895	-0.0307167028	-0.01126385	-0.0047901421	-0.061706114900000004	-0.0460229053	0.1203405378	-0.0382413614	0.1017451318	0.0276127702	0.12880626439999998	-0.0627551128	-0.0906146876	-0.0523734872	-0.07939493809999999	-0.0031619026	-0.033542369	0.0807716756	0.1361141404	-0.0009453094	-0.048260918300000004	-0.033196566000000004	0.018417381899999998	-0.070166794	0.014381246399999999	0.0398572	-0.0892894407	0.0666929815	-0.0464700105	0.0950193175	-0.1220618703	0.0445457132	-0.013735093899999998	-0.0956980875	0.0108831172	-0.0742666583	0.0175746016	-0.0266690081	-0.11581827289999999	-0.1368465663	-0.0804666445	0.0329358007	0.1044041656	-0.0049579707	0.0158237592	0.046883617999999995	-0.035444701099999996	0.0265854421	-0.0937377908	0.0739817504	0.009093807800000001	0.0177709304	0.1112742724	-0.055248041799999995	0.0044067754	-0.0098640738	0.004910059699999999	0.0785310206	0.1095588552	0.0245920946	0.1124692903	0.0179005224	0.099319454	0.0267955086	0.06036557610000001	0.0360444087	0.0571355349	0.0011783237	-0.0795687733	-0.0396814141	-0.0109651674	-0.1080458916	-0.030308956600000006	0.0108062341	0.1249529252	-0.08920897779999999	-0.028399761699999998	-0.043327099	0.0210311778	-0.0328478522	0.0064951277000000005	0.0751409829	0.17982579070000002	-0.0076271765	0.0127505764	-0.0042823923	-0.027369929100000003	-0.049679512099999996	0.1068530809	-0.0079439903	-0.0652212064	0.08018704759999999	-0.0408945593	-0.0586473667	0.0871849034	0.0356882799	-0.1139297711	-0.0087876803	0.0714394858	-0.0145472047	0.0150419991	0.0634401834	0.0067609161	0.1151566325	-0.0720463628	-0.0400117794	-0.0174439696	-0.0338272275	-0.0185905559	0.13853980359999998	0.0412626927	0.0842601198	0.023989454599999998	0.0819349762	0.0378119741	-0.061182019800000015	-0.016040848	0.0818616429	-0.0894939666	0.0335126502	0.0	0.0	0.0	0.00771123	-8.540999999999844e-05	5.9463068112900014e-05	7.294868099999733e-09	0.0674913	-1.8699999999996494e-05	0.0045550755756900005	3.49689999999869e-10	0.143723	2.9999999999974488e-05	0.020656300729	8.999999999984695e-10	-0.000149821	-9.624370000000004e-05	2.244633204100001e-08	9.262849789690006e-09	-0.000307939	0.000478134	2.2861212195599995e-07	9.482642772100001e-08	3.99757e-05	3.0120000000000044e-06	9.072144000000028e-12	1.5980565904900006e-09	0.0	0.0
4508.539411519602	-0.8032033344125011	20326927.62522552	0.6451355964113601	4806.44792408293	55.12738982114024	3039.029108491957	23101941.646921106	4706.18971627374	-1.203592953684165	1.4486359981581725	22148221.6455607	4695.079219858337	3736.372743591652	1.0815070000000002	15.812809	0.05990768000000001	0.0370139	-0.0378644331	-0.1132072025	0.011147020700000001	0.0444398191	0.0500804949	-0.0195043141	-0.0641547559	0.1708697232	-0.0187802023	0.0339016352	0.11774911869999999	0.055328501399999994	-0.0177175238	0.0460056369	-0.07062402450000001	0.07113477509999999	-0.0637807066	-0.0653245489	0.0298044682	0.0835373325	-0.031582242999999996	0.0391954954	-0.1260918721	0.11935559720000001	-0.120874494	0.029945414500000007	0.0230274848	-0.06749328	0.0324833852	0.0016715678	0.0326535702	0.08612823970000001	0.0050259703	-0.077604666	0.1063019776	0.0141850166	-0.052069175700000005	-0.0717475866	0.0925367524	0.0072869513	-0.0041057885	-0.08889970109999999	0.09197451050000001	-0.1366639452	0.0478926909	-0.156476224	-0.0366566163	0.015890495600000002	-0.029281055	0.0479984425	-0.0033063373	-0.0172582341	-0.06553588099999999	-0.0539283643	0.0195636864	0.19002648519999998	-0.06413658480000001	0.0086202785	0.1020252909	-0.046506296100000004	0.0315213186	0.0815733413	0.06476120120000001	0.07843568769999999	-0.0051330064	0.0084450837	-0.0376957046	-0.054016262	-0.0016536766	0.0607453464	-0.0609839946	0.00300017	-0.0152544735	0.0215057585	0.0021635565	-0.044555093600000005	0.0060135768999999995	-0.01742331	-0.0592318893	-0.0040307976	0.0824804907	-0.009137120600000001	-0.0885647075	0.0478411492	0.0540315067	0.11202108460000001	-0.07482555910000001	-0.0497068545	-0.0017583088000000001	0.0705173454	-0.0820463428	0.055206619900000004	0.0380473423	0.0470852881	-0.0331127601	0.0359825357	-0.056715463	-0.09195768929999999	-0.0689344121	-0.07747711780000001	-0.0015888920000000002	0.16562664859999998	-0.0057557046	-0.0004034504	6.6604e-06	-0.0205412504	-0.0309856421	0.016085569299999998	-0.004356125	-0.12276420710000001	0.0894111233	-0.0909203426	0.041810829199999996	0.070125949	-0.042686078499999995	-0.04950159639999999	0.1044124877	-0.11020545359999999	0.0753053598	0.16894585690000002	0.1486392934	-0.0542535686	0.044425245599999996	-0.04556664269999999	-0.0852052521	-0.0519016097	-0.0050711126	0.0437262306	-0.0587870218	0.1094674971	0.026822879100000002	-0.0183237575	0.0751074903	0.0912082039	0.16848581129999998	0.016514979699999998	-0.0322338935	0.0038290621000000003	-0.0200856042	-0.059824234000000004	0.0195183357	0.0221121781	0.0023133675	0.0179535177	-0.038805840099999996	0.054963841900000004	-0.0483480512	0.045503872	-0.018014700800000002	-0.0267075166	-0.0217184029	0.028604567999999997	0.0144304158	0.0285666384	0.0373294459	0.045801694000000004	0.0536233126	-0.021944349900000003	-0.0622027587	-0.013387050800000001	0.07974907860000001	-0.09113954460000001	0.0397069262	0.0	0.0	0.0	0.00778752	7.628999999999969e-05	6.06454677504e-05	5.820164099999953e-09	0.06741010000000001	-8.119999999998961e-05	0.004544121582010003	6.593439999998313e-09	0.159109	0.015386000000000009	0.025315673881000002	0.00023672899600000034	-0.000549916	-0.000400095	3.02407607056e-07	1.60076009025e-07	-0.000786073	-0.000478134	2.2861212195599995e-07	6.17910761329e-07	3.0920900000000004e-05	-9.0548e-06	8.198940304e-11	9.561020568100002e-10	0.0	0.0
4510.045119627411	1.505708107808459	20340506.981075026	2.267156905920131	4795.795041994615	-10.652882088314982	113.48389678754215	22999650.08482013	4706.743104246422	0.5533879726826854	0.3062382483098525	22153430.649371248	4695.638430817528	3740.998572959266	0.93493	13.669686	0.04737825650000002	0.026982	-0.0293397856	-0.1384082075	-0.010590188799999999	0.0048291376	-0.0076708762	-0.008421695699999999	-0.0672458202	-0.0502666124	0.031061012000000002	0.0386421798	0.07521968379999999	0.1235860966	0.0174108699	0.0004473342	0.0697997488	0.0601701854	0.0360149379	0.0253662988	-0.041953774400000005	-0.0292222021	0.0509570203	0.02864278	-0.0388672173	-0.0773594088	-0.048214380700000004	0.0309238542	-0.0442393749	0.060387765999999996	-0.015366643999999999	-0.0415368283	-0.0622617113	-0.0039688036	0.0780882933	0.040930536000000003	-0.1287737416	0.0375174765	-0.033226416099999996	0.0211910527	-0.0664116632	0.07556582	0.0763628209	-0.1270696393	0.0538798158	-0.044874837800000004	-0.0104318707	-0.0795537065	0.062276307	-0.0349690975	0.044410631	-0.0209706925	-0.0818743361	-0.033527189900000004	0.0503456309	-0.0575940451	0.13261275390000002	-0.0047887868	-0.0908073597	0.126091519	-0.09734911880000001	0.054109773300000004	0.0185967858	-0.16387022140000002	-0.0155789302	0.008760845500000001	-0.0411171034	0.0735658044	0.0677699412	0.010850023799999999	-0.1411311414	0.044557367300000005	-0.1357800549	0.042274353099999995	-0.0330194492	-0.1009738632	0.0322027733	0.128912055	-0.0669406483	-0.0666310537	-0.0053987691	-0.027232717599999998	0.0495196742	0.010316239599999999	-0.049969913600000006	-0.0090350359	0.058497474800000004	0.0798039507	-0.09840281039999996	-0.0017706454	0.0117283911	-0.0788513228	-0.049489361100000004	-0.04060774	-0.0378927286	-0.017654593700000002	-0.029760599199999998	-0.0764770605	-0.0382642518	0.020981217200000003	-0.060873274299999995	0.12462095880000001	0.0023242586	0.0204572615	0.0217409953	-0.0129784036	-0.0101687263	0.040219438999999996	0.0380678999	0.005611485500000001	0.0095484287	0.0927421519	-0.0820837494	0.030183171	-0.0743219145	0.0204215469	0.0519811372	-0.059984154299999995	0.11683727810000001	0.045319300300000004	0.0949980644	0.0720790214	-0.023603476	-0.0661467935	0.0035821016999999997	0.0562686628	0.048968904400000006	-0.0676393475	-0.0122173973	-0.062562467	-0.0448086907	-0.0554997879	0.18642759899999997	-0.1198294227	0.06706737139999999	0.0433269249	-0.028019195299999997	-0.0991205871	0.0338900777	-0.0740054725	-0.0414407866	0.0451944976	-0.0780866967	-0.13289829849999998	0.0826913251	0.1343595716	-0.057003705099999996	-0.0662193038	0.0003158657	0.0172289667	0.0627472983	-0.0592094471	-0.0904558375	-0.12381351460000001	0.0963781116	-0.0643431256	0.0360407315	0.0063987296999999995	0.0387476461	0.0230329905	-0.0632110411	-0.010722530800000001	0.077492801	-0.0924931752	0.0457024925	0.0	0.0	0.0	0.00778278	-4.7399999999996065e-06	6.057166452840001e-05	2.2467599999996263e-11	0.0494846	-0.01792550000000001	0.00244872563716	0.0003213235502500004	0.151298	-0.007811000000000012	0.022891084804	6.10117210000002e-05	-0.000149821	0.000400095	2.244633204100001e-08	1.60076009025e-07	-0.000786073	0.0	0.0	6.17910761329e-07	-1.72443e-06	-3.264533000000001e-05	1.0657175708089004e-09	2.9736588249000002e-12	0.0	0.0
4511.62456466876	1.5794450413495724	20354756.21252258	2.4946466386437525	4772.710297508674	-23.084744485940966	532.9054279811821	22778763.58394533	4704.6013700142685	-2.1417342321537944	4.587025521179403	22133274.05074013	4693.94181941178	3713.6217631839454	0.978031	14.299869	0.04196054850000002	0.0218362	-0.0303615593	-0.0699175197	-0.0248423313	-0.006168380500000001	-0.0356647225	-0.006361620300000001	-0.0900449711	0.1018037626	0.033930516699999996	-0.0067770273	0.07207822030000001	0.109689016	-0.0021477566	0.0377072574	-0.045948792300000006	-0.035807241499999996	0.0198262814	0.04602326440000002	0.030591049300000006	-0.1083353372	0.1086733849	0.031385754700000004	-0.0196509002	0.0455778124	0.0868872511	-0.039787365899999996	-0.0582638486	0.09995458539999999	-0.0315943006	-0.1108603397	-0.0268802897	-0.0041984228000000005	-0.21940473079999998	-0.057947798499999995	0.022054867599999996	0.06810146780000001	0.1209671809	0.033704329500000005	0.0960864267	0.076451953	0.0862277075	0.0064178670999999994	-0.0011374584	-0.17761019949999998	0.0540751417	-0.005100614	-0.135889856	0.0355931143	-0.0023038644000000002	-0.039820113	-0.025375544700000002	0.1228631474	-0.0795708712	-0.0492933784	0.049413067000000005	-0.0203167957	0.0847108701	-0.0664816344	-0.1045174527	-0.0194453162	0.0903408619	-0.0138342462	-0.0006880287	-0.0492454983	-0.0439802436	-0.0681995826	-0.0231818504	-0.11423969769999999	-0.0427713551	0.10876374779999999	-0.0155880238	-0.1031400506	0.1368907514	-0.0129191058	0.1062826516	0.0626795018	-0.0893331303	0.0188042723	-0.1987261798	-0.0361599319	0.019355174	-0.0956193928	-0.0029543609000000004	0.0688282582	0.011756663600000002	0.0602181764	-0.0927571915	-0.0100436265	-0.0728310853	0.039460783	0.044181091900000004	-0.0017017665	-0.0567879549	-0.0371453808	0.062121057800000004	-0.1698406496	-0.0415934585	0.0264900961	0.0192784035	0.053970919299999996	0.0631761885	-0.0478863971	-0.1467631001	0.0018132476	-0.1249443982	-0.1045786378	-0.1715793788	-0.1071610908	-0.015118008300000001	0.0415076726	-0.0055445094	-0.0013592972	0.029210583	0.0109952351	-0.14090188	-0.11587873380000001	0.0401719395	-0.0052526088	-0.0144214006	-0.0495348725	0.20474223030000002	0.071817069	0.0761640801	-0.024736865099999998	0.023592237999999998	0.0467040024	-0.2067116616	-0.012072754599999999	-0.056427208	-0.0087083968	-0.031906557	0.0560772689	-0.0388733875	0.054033738	-0.0518773435	0.0332747048	0.0175726883	0.042466068899999994	0.0328844587	0.0679255037	0.0917116716	0.026715501099999997	0.1283197043	0.0516016498	-0.11922679509999999	0.0065874265	0.0701604113	-0.0725597633	-0.17548699199999998	-0.0278475877	-0.0613022797	-0.0948714862	-0.0725260152	0.1041810613	0.1051893736	-0.0478340138	0.0523560703	-0.1087458477	-0.064206665	-0.0080494221	0.0750968762	-0.09355052220000001	0.051469345	0.0	0.0	0.0	0.00777685	-5.930000000000345e-06	6.04793959225e-05	3.516490000000409e-11	0.0674453	0.017960699999999996	0.00454886849209	0.00032258674448999985	0.146023	-0.005274999999999974	0.021322716529000002	2.782562499999973e-05	-0.000441557	-0.000291736	1.94972584249e-07	8.510989369599997e-08	-0.000786073	0.0	0.0	6.17910761329e-07	-8.43668e-05	-8.264237e-05	6.829761319216899e-09	7.117756942239999e-09	0.0	0.0
4526.223951649446	14.599386980685267	20486703.260485124	213.14210021180247	4758.535454403271	-14.174843105402944	200.92617706278926	22643659.670812946	4710.899578972543	6.298208958274699	39.667436082091676	22192574.843163684	4699.583618241098	3668.3581504412737	1.188947	17.383688	0.045495399999999984	0.027327800000000003	-0.037775989700000005	0.0746592918	-0.06666294219999999	-0.018328138799999998	-0.028623624	-0.1551802313	0.0090153843	-0.013728809	0.030976355	0.0329578003	-0.0010565888999999999	-0.073683553	-0.0086039269	-0.1012321843	-0.0633284276	-0.0329443793	-0.0336494453	-0.0280728724	0.0574146008	-0.0008052739999999999	0.0458984979	-0.014367986299999996	-0.05145876519999999	-0.0526876074	0.0357986458	-0.2081832725	0.041174357200000004	0.04349889690000002	-0.0171346338	-0.1533082511	0.1215006234	-0.04475849480000002	0.0053799205000000004	-0.0692970975	0.0277612771	0.051476267699999995	-0.011697976499999999	-0.0387064669	0.015069248300000001	-0.0150395708	0.0163608602	-0.003655319	-0.0568012773	-0.0104295335	-0.044671585599999994	0.0743062038	-0.1028936289	-0.0032282584999999996	-0.0626968941	0.0496938054	0.0931187799	-0.0635413735	0.0541972721	0.0784731063	0.0225408227	0.1449644481	0.06420608480000001	-0.1783540036	-0.1494526534	-0.0340217353	-0.0959542266	-0.08181255009999999	-0.030747074500000002	-0.1098593058	0.08264888940000001	-0.0204204906	-0.0323492633	-0.0082750039	-0.10796482310000001	-0.0509857768	-0.0454545325	0.09894920539999999	0.148236591	-0.081661215	0.0688679697	-0.084615751	-0.0324196809	-0.066082214	-0.19308368809999998	-0.026601448599999997	-0.09387638539999996	-0.0315177197	-0.0633891795	-0.00016563279999999998	0.023468585499999996	-0.0017670294	0.061526082	0.0398883614	0.0746022892	0.0780856764	0.10739543189999999	0.08134540280000001	0.0308777529	-0.0033975024	-0.010095679100000001	-0.0088683188	-0.0853059251	-0.0135244919	-0.0080125033	0.055742114100000004	0.1065865138	-0.1833994316	-0.0200739599	-0.1079607075	0.0737838322	-0.0646066473	0.0539625561	-0.0814155362	0.0098100587	-0.0638373837	0.0305636463	-0.0200745466	0.0201357508	-0.0040202323	-0.07986622139999999	-0.0524777376	0.0505781026	-0.06625197299999999	0.0584970784	-0.0884489844	0.0011612182000000002	0.030107766600000002	-0.1190383899	-0.0300724931	-0.0865823148	0.0181954855	-0.0006811544	0.0210531417	0.034915697999999995	-0.025992241800000003	-0.0232831719	0.2676085603	0.046258350700000006	0.0855471254	-0.023164416	0.08050736110000001	-0.013887548000000001	-0.1997805343	0.0490301417	0.0769782277	0.0010910196000000001	-0.0418004156	0.1504549215	-0.021858656299999998	0.038984225	0.08351115070000001	0.0896242316	0.0028851544	-0.0908882442	-0.1444512926	-0.0407241493	0.035584559700000004	-0.0254781198	-0.0689453022	0.013052997	-0.0930778744	0.1365213145	-0.09283673279999999	-0.0651894312	-0.005369866	0.0725656218	-0.0943081987	0.05697862400000001	0.0	0.0	0.0	0.007740109999999999	-3.674000000000125e-05	5.9909302812099985e-05	1.349827600000092e-09	0.07618819999999997	0.00874289999999997	0.005804641819239995	7.643830040999948e-05	0.123484	-0.022539000000000017	0.015248298256000001	0.0005080065210000008	-0.000339897	0.00010166	1.1552997060899999e-07	1.03347556e-08	-0.000786073	0.0	0.0	6.17910761329e-07	-0.00026624200000000003	-0.00018187520000000006	3.307858837504001e-08	7.088480256400001e-08	0.0	0.0
4539.6873443744735	13.463392725027914	20608761.18467376	181.26294366833457	4747.45957699689	-11.075877406380641	122.67506032117315	22538372.43521949	4716.4262843297665	5.526705357223364	30.54447210556143	22244676.895516686	4705.889665556436	3821.8548723121394	1.2115300000000002	17.713885999999995	0.07850570000000001	0.047627800000000005	0.0940250407	0.0324359937	0.0031967525	-0.0619635406	0.0466934736	0.0080867098	0.0367558382	-0.10511397439999999	-0.1174969272	0.0862165757	-0.1396980635	-0.038832010099999995	-0.020177146	-0.1617664799	-0.093195427	-0.12614635289999998	0.0604471933	0.0173799706	-0.0289548571	0.0746892619	-0.067383453	0.07116169160000001	0.034479974100000005	0.08947104380000001	0.058906239900000004	0.0317095466	-0.065531096	0.0049439875	-0.15326452710000002	-0.033862045699999996	0.1031442325	-0.0660527081	-0.0259507029	-0.08743683390000001	-0.0447859455	0.0519736781	-0.0393787979	0.0259700805	-0.021958597200000003	0.0629145668	-0.014690710400000001	0.0892697183	0.0314193065	-0.122900896	0.07595308419999999	0.0774156819	0.0100875098	0.0210912785	-0.1800748617	0.0247810343	0.0365378806	-0.0754895765	-0.0416756986	-0.029678418999999998	0.06556914230000001	-0.042917343	0.0650135538	0.10409415550000001	-0.040266124900000005	-0.0177203604	0.0184970497	-0.1002170747	-0.057770734500000004	-0.0163377992	-0.0212247928	-0.1281067696	-0.0160757083	0.0590979672	0.0605262713	0.0841563335	0.1447342815	0.0715893362	-0.035179792599999996	0.0163251193	0.0485755236	-0.0192150856	0.0317336676	-0.0975832411	0.0321953586	-0.0097492521	-0.002241628	0.1063213697	-0.0662523064	-0.0129382404	0.0750135391	-0.11903143740000001	0.047752522199999994	0.0417778407	0.0270101998	0.0369663923	0.22229784719999998	-0.0439637921	0.0689365577	-0.026777927799999997	-0.0172692326	0.009658045	0.0355943605	-0.1362308552	0.006110572900000001	-0.08329173940000001	-0.0060006102	-0.0461096009	0.005212766	0.0519091752	-0.09831742789999999	-0.0622428866	0.1437667908	-0.067739624	-0.025581057	0.07742737400000001	-0.0773595915	0.0519478735	-0.0254623097	0.050644106900000006	-0.1422391883	-0.0066942315	0.0011492653	-0.07170673849999999	0.007919640799999999	0.0234417097	-0.025992606	0.1334391674	-0.0088126376	0.0186565988	-0.090054595	0.07810155769999999	-0.040480955299999996	0.0061320124	0.0063310838	0.062300865999999996	0.1542544894	-0.0390215712	0.0038312105	-0.0017332684	-0.08600673880000001	0.0694523548	0.1791454613	0.0771709228	-0.016162446299999998	0.0991429259	0.0400290984	0.026893581	-0.0334671973	-0.1336955398	-0.0448626582	-0.12361918279999999	-0.0333920425	0.0932305174	-0.0331572231	0.010493991000000001	-0.0399875747	-0.0121533	0.0620951018	-0.0985940881	-0.0536992709	0.0806999487	0.0847267597	0.0520490093	-0.0661591428	-0.0026860087	0.0699035991	-0.0947637776	0.0622027587	0.0	0.0	0.0	0.00783721	9.710000000000189e-05	6.142186058410001e-05	9.428410000000364e-09	0.07355119999999997	-0.0026370000000000005	0.0054097790214399965	6.953769000000003e-06	0.0914217	-0.0320623	0.00835792723089	0.00102799108129	0.000147311	0.00048720800000000004	2.1700530721000003e-08	2.37371635264e-07	-0.000786073	0.0	0.0	6.17910761329e-07	0.000120736	0.0003869780000000001	1.4975197248400006e-07	1.4577181696000002e-08	0.0	0.0
4520.967681332784	-18.719663041689273	20439148.77565553	350.4257843943873	4863.000298131596	115.54072113470556	13349.658240327795	23648771.89962799	4709.861958033121	-6.564326296645959	43.090379728837654	22182799.66372758	4700.777678220851	3801.5699499168672	1.051821	15.378767000000002	0.029338660000000006	0.0163166	0.0440816933	-0.0232780436	0.0570077908	0.093179755	0.1779723695	-0.024693286600000003	-0.0100469292	-0.022115504100000002	0.0673976206	0.0373855313	-0.049836565199999995	-0.0333222888	-0.0766636867	-0.0594147205	-0.0891630672	-0.1302171697	0.18282262230000002	-0.00041320370000000003	0.048808967300000006	0.0903666408	0.1008675698	0.0064639193999999995	0.1152273748	0.112466046	-0.097884205	-0.0332894459	0.1473806216	-0.0491707944	-0.1287369703	-0.0664777253	0.061410260700000004	-0.1544750484	0.0057942087	0.0409917334	-0.0432013766	-0.0452964058	-0.0117235299	0.0690463986	0.0117368199	0.0182854793	0.065851433	0.011682176	0.105428798	0.046160655	-0.021924645899999998	0.0373498807	0.0693877414	0.0044824881	-0.045948230199999995	0.015408051	-0.0524705201	0.0019438149	0.0077971175	0.060629833200000004	-0.0038962615999999996	-0.0184858775	-0.0360402855	-0.0228190805	0.015414366799999999	0.041135390200000004	0.0467785158	0.0491815175	-0.1070531457	0.0223762301	-0.1383892218	0.0202725738	0.1105921858	-0.0712891239	0.0149232754	-0.0380655859	0.049400336100000004	-0.044116177199999995	-0.0549367065	0.0463971892	0.0384901057	0.1377392431	-0.048256921200000004	0.007353352099999998	-0.0410769863	0.0856728013	0.0169490921	0.049476564699999996	0.029956792799999996	0.067458187	0.0353653023	-0.0529920626	0.028729944900000002	-0.0749956233	-0.0332802396	0.0763016592	0.1681743534	-0.0469645213	0.072697233	-0.1591888756	0.1038562675	-0.0147839686	-0.10782589109999999	-0.1037006406	0.11467747140000001	-0.06335969799999999	-0.1095551108	0.006788985799999999	-0.0209215513	-0.1437558845	0.0348023404	0.0074871165	0.1185502403	-0.09760182029999999	-0.0921649408	-0.029203411800000002	-0.11604395449999999	0.0549646442	-0.018221100900000002	-0.0381323082	0.0328626647	-0.0816334981	-0.0694932414	0.0975955045	0.0468835917	0.0406845011	-0.0211915864	0.023160584799999998	0.0331270232	0.0818942561	-0.0208881222	0.0474808963	-0.0063745016000000005	0.0092476495	0.0627256618	0.0137027137	0.0091634652	0.0027473527	0.014297236699999999	-0.0498988536	0.0280867508	0.0056756886	-0.08891100310000001	0.1004118624	0.0367802467	0.0561465751	-0.0011284019	-0.022860897999999998	-0.07943058	0.0726242321	-0.010847571299999999	-0.0891843939	-0.1122204208	-0.1463290427	0.0354053537	0.0187297257	-0.09865551939999999	-0.0294000137	0.0323223776	0.10146385779999999	-0.023629462400000002	-0.07269345969999999	-0.047108515	-0.0481491495	-0.0671156055	-0.0	0.0671156055	-0.0949157996	0.0671156055	0.0	0.0	0.0	0.007835049999999998	-2.1600000000027847e-06	6.138800850249996e-05	4.6656000000120295e-12	0.0675527	-0.005998499999999976	0.00456336727729	3.5982002249999715e-05	0.105675	0.014253300000000009	0.011167205625	0.00020315656089000032	0.000322028	0.00017471699999999996	1.0370203278399998e-07	3.052603008899998e-08	-0.000786073	0.0	0.0	6.17910761329e-07	0.000127713	6.976999999999997e-06	4.867852899999997e-11	1.6310610368999998e-08	0.0	0.0
4509.671225182978	-11.296456149806545	20337134.55924334	127.60992154450213	4770.163325699893	-92.83697243170263	8618.703450284716	22754458.15385226	4706.575209205258	-3.2867488278625387	10.802717857455773	22151850.19990552	4696.5331821548025	3703.631788450169	1.0129	14.809694	0.04374772999999999	0.033036199999999995	-0.0256484085	-0.0612669492	-0.036566616	0.1302708689	-0.0067598655	-0.0822977364	0.032155888199999996	-0.0182654404	0.0124851116	-0.0071305906	-0.0353319402	-0.040161233500000004	-0.0422162585	-0.051327549900000005	-0.0316267186	0.1164429733	-0.0572705459	-0.0563821559	0.0041230184	0.1356951208	0.0331867582	-0.0306520737	0.0342004738	0.0419099855	-0.0793087692	0.0251549998	0.0440442597	0.0714425121	-0.0142291073	0.0854266766	0.09070441789999999	-0.1541041342	0.0965247315	-0.036310569300000005	0.0283315652	-0.0646368565	0.011130389899999999	0.0252774351	0.0340658016	-0.0236160914	0.050407941100000006	0.1333043256	-0.0010572643	0.0180824704	-0.0126960577	0.050463700300000004	-0.06766491919999999	-0.0847090343	0.0059699409999999994	-0.0796611799	-0.11167394119999999	0.0166627188	-0.0482802501	0.0982943022	0.0495540729	0.0679727788	-0.022279748999999998	0.026454887000000003	-0.030446296600000002	0.1048258499	0.023167653700000002	-0.1040322847	-0.052705885599999995	-0.0842289348	0.1260700365	-0.0042651439	-0.0289760964	-0.07956271940000001	0.1069382179	-0.07271990589999999	-0.11661094720000001	-0.055117309	-0.1137466305	-0.000963888	0.0414223578	-0.0384097614	-0.012281593600000001	0.029065488100000002	-0.0570647769	-0.0652143078	0.0973067789	0.10745616300000001	0.0777056965	-0.0016010420000000002	-0.0055499861	-0.0363295576	0.0197275236	-0.0841610412	0.09985339130000001	0.0592825042	-0.050415462300000005	-0.0051899811	0.0758848655	0.060831739100000004	0.0479395286	0.0468756021	-0.06345787160000001	-0.0553836796	0.0352951829	0.032176775899999996	-0.0205798071	0.07855852370000001	-0.0875747714	-0.013826342299999999	0.0622903575	-0.0365223056	0.1956482257	-0.036875578900000004	0.0051918091999999996	-0.0659599209	-0.0264087932	0.0336091381	0.049667606399999994	-0.0620573134	0.0388864993	-0.0403032719	-0.1803098414	0.0173780226	-0.0831831392	-0.034685227799999996	0.0402542043	-0.0067728983	-0.0912469653	0.0980022888	0.0955814227	0.0361107591	-0.0561370031	0.12150469380000001	0.0787403919	-0.0654544264	0.0944378544	-0.0834271999	0.1141491248	0.0862594436	-0.0216498858	-0.0118199073	-0.0018520329999999999	-0.0078990162	-0.012988615600000001	-0.0051089945	-0.0204728522	-0.0338364587	0.1409783732	-0.1031021551	-0.0853741863	0.0283681177	-0.0090638466	-0.0247837313	0.1011171286	-0.0787959003	0.0954113082	0.0530419233	0.0218832519	0.0628486932	0.0313323499	0.024252818500000002	0.041538078900000004	0.052155519500000004	-0.0680586279	0.0026860087	0.064206665	-0.0947637776	0.0716925786	0.0	0.0	0.0	0.00782059	-1.4459999999997393e-05	6.11616279481e-05	2.0909159999992456e-10	0.07653369999999997	0.008980999999999975	0.005857407235689996	8.065836099999956e-05	0.13731400000000002	0.031639000000000014	0.018855134596000002	0.001001026321000001	0.000322028	0.0	1.0370203278399998e-07	0.0	-0.000786073	0.0	0.0	6.17910761329e-07	6.54476e-05	-6.22654e-05	3.8769800371600004e-09	4.2833883457599995e-09	0.0	0.0
4499.962015593088	-9.709209589889724	20249658.141780607	94.26875086040657	4776.085260152817	5.921934452923779	35.069307664725656	22810990.412249	4700.753910918978	-5.821298286279672	33.887513737842625	22097087.331020072	4690.717332968939	3648.525151005967	0.885285	12.943825	0.018711725	0.0123436	-0.0705604676	-0.0359453992	-0.058891556500000004	0.0641057065	0.0222752125	0.1612573886	-0.0101539836	0.0187257262	-0.08798358490000001	-0.1015273694	0.0041840996	-0.0535202401	-0.0751266167	0.0918459695	-0.0502495925	0.0179578183	0.048744128600000006	-0.0124537318	-0.08166958719999999	0.0347226865	-0.0203960184	-0.1256192732	0.09838905460000001	0.2223121943	0.062162108499999986	-0.1370434202	0.1133270423	-0.020187216100000002	-0.0795638436	0.0681015013	0.0031612412	-0.012375796699999999	0.11322511099999999	0.08803693289999999	0.023596491299999998	-0.0209231179	-0.089809296	0.0312687897	0.0476177184	-0.0808125371	0.025179955	0.0270459128	0.0150058671	-0.095375145	-0.0122530796	0.10281484240000001	-0.011336806299999998	0.0860460232	-0.0647541179	-0.0415251085	-0.0064187259	-0.0930164064	0.0410630427	-0.0519905924	0.1027314963	-0.049310968600000005	-0.1181563424	0.0190263373	0.0096025879	-0.0482939758	-0.0285611244	-0.1586667329	-0.0382844024	0.0359626657	0.0362941752	0.019078546000000002	-0.049978327	0.0401009173	0.0322527208	-0.0198711192	-0.036786679700000005	-0.1604693489	-0.0218312272	0.0079466433	0.1291264358	-0.0534114953	-0.0476786109	0.0303040479	-0.034297904500000004	0.0193048034	0.082217141	-0.167267067	0.0662739056	0.0111001498	-0.1014377414	-0.000145013	0.0210195231	-0.0978874698	-0.0211010656	0.0668906046	-0.041349226499999996	-0.0894966542	0.0070219222999999996	-0.041703571099999996	-0.0782256404	0.044679802000000005	-0.0237345034	-0.0280543777	0.2353713818	-0.1412818714	-0.016162384199999998	-0.0479700453	-0.1294028753	-0.025359797400000002	0.0645672938	0.1448638274	0.10355356289999999	0.0626917298	-0.0745701567	-0.0632408275	-0.0135173271	0.0585579415	-0.0636986846	0.0177489659	0.013887891999999999	-0.0249713686	-0.040768485099999995	-0.1264594802	0.0697140488	-0.0353622539	0.0084278002	0.06642993009999999	0.0504955713	-0.0190301111	-0.0838642113	0.0365536951	-0.0893388524	-0.09105515300000001	0.1023577564	-0.0695256019	0.0403985046	-0.1020905491	0.0679552158	0.0131134955	0.0358852401	0.033579006200000004	0.1857021487	-0.0788288762	-0.0919539209	-0.0836626306	-0.0097754907	-0.023008348999999997	0.0710255122	0.0288769614	0.050359137199999994	-0.0771913069	0.0536485059	-0.0762545597	0.0196567772	-0.0123002149	0.0199289319	0.0496713867	-0.08586399189999999	0.0541896426	0.1242032484	-0.0299880269	-0.10449111400000001	-0.0301399146	-0.0689880212	0.005369866	0.061182019800000015	-0.0943081987	0.0759107728	0.0	0.0	0.0	0.007829219999999998	8.62999999999732e-06	6.129668580839998e-05	7.447689999995375e-11	0.0675472	-0.008986499999999967	0.00456262422784	8.07571822499994e-05	0.145672	0.008357999999999977	0.021220331584	6.985616399999959e-05	0.000322028	0.0	1.0370203278399998e-07	0.0	-0.000786073	0.0	0.0	6.17910761329e-07	9.26195e-05	2.717190000000001e-05	7.383121496100004e-10	8.578371780250003e-09	0.0	0.0
4499.244647743638	-0.7173678494500564	20243202.40024977	0.5146166314245988	4698.2631215290585	-77.82213862375829	6056.2852599754515	22073676.359119974	4699.40853171247	-1.3453792065083692	1.8100452093050885	22084440.547931954	4688.330317214708	3602.8032343313025	0.906386	13.252343	0.046023825	0.0248913	-0.1034508051	0.0050453496	-0.08134158030000001	0.031341984100000005	-0.1391615632	-0.006593281899999999	0.0646301095	0.10157436869999999	0.0531059237	-0.1247251742	0.0360915237	-0.07849940849999999	-0.12663328210000002	0.012981894099999999	-0.0407088279	0.035335219300000005	0.0324106685	0.0468351846	0.0461614379	0.0753967647	-0.022261437599999996	-0.0829930561	-0.0571125275	-0.0015522021	0.0577565201	-0.0671183308	-0.0113937022	0.0559937303	0.0010716360000000002	-0.0074384348	-0.0485675038	0.10156529369999999	0.0298374799	0.0401925452	0.0804489894	0.0503953248	-0.0962331162	0.0522620348	0.0667512558	0.1063296374	-0.0154030202	0.005732915600000001	-0.0066001104	-0.0795468887	-0.0933503793	-0.040652436800000004	0.0090441724	-0.0195954032	0.078818217	0.0552746481	-0.026873182599999997	-0.0251134904	0.027365255800000002	0.015154283400000001	0.038184706400000004	-0.1015153127	-0.0919452998	0.0350587578	0.0271792955	0.044611297	-0.0182123657	-0.1273272347	0.029971157000000002	0.1222101912	0.027361425800000002	-0.0226626883	-0.025118130899999997	0.0345577591	0.006187047199999999	-0.0537456569	0.0806367734	0.06235902650000001	0.0600264071	-0.031416429700000005	0.041328689	0.093100719	0.22355532469999997	-0.0186384022	0.084113252	0.1147795354	-0.0252732746	0.0267141778	-0.09875316349999999	0.045390858099999994	-0.1327348391	0.0136885945	0.054851548300000004	-0.10545752580000001	0.0239040959	0.0608995825	0.0015432032	0.0484646123	-0.0481563526	-0.0388938113	0.0005997468	0.1142687867	-0.050027847	0.0037924576	0.0198500161	0.023623654100000002	0.0495710647	-0.06874469679999999	-0.0536900228	0.0623753371	-0.032832271499999996	0.0731877521	-0.0330598623	0.0656988374	0.020043349199999998	-0.0321586048	0.0721056097	-0.0301116529	-0.0641517667	0.1588204755	-0.1332848882	-0.0169397919	0.0143127546	0.0163443639	0.0793810642	0.046342525	-0.0018318677999999999	-0.0654777904	0.0324697678	-0.0008154636999999999	0.09671143439999999	0.0166406754	0.0201077317	-0.051348623200000006	0.0701960266	-0.0344342036	0.055900652800000006	-0.0538517304	0.029804917400000002	-0.0588119078	0.015856	-0.0451671256	0.0428334388	-0.08268372360000001	-0.1014740699	0.08048807599999999	-0.0383703711	0.0858929568	-0.0726083495	-0.0041047366	0.0166932258	-0.026330071200000003	-0.1303601385	0.010419004499999999	-0.1160211784	-0.0238171606	0.0528493326	-0.0668267392	0.09854804449999999	-0.0923089577	-0.1411658416	0.042356426399999994	-0.10242780779999999	-0.0085284922	-0.0699035991	0.0080494221	0.0580471204	-0.09355052220000001	0.07974907860000001	0.0	0.0	0.0	0.00785382	2.460000000000136e-05	6.168248859239999e-05	6.051600000000668e-10	0.08403279999999999	0.01648559999999999	0.007061511475839999	0.00027177500735999963	0.161133	0.015461000000000003	0.025963843689	0.0002390425210000001	0.000121568	-0.00020046	1.4778778624e-08	4.018421159999999e-08	-0.000786073	0.0	0.0	6.17910761329e-07	0.000173212	8.05925e-05	6.49515105625e-09	3.0002396944e-08	0.0	0.0
4501.848120036824	2.6034722931863143	20266636.495879088	6.778067981388808	4709.929992394013	11.666870864954946	136.11587577953452	22183440.53325267	4702.417329190247	3.00879747777708	9.052862262277717	22112728.737868734	4690.060813919848	3607.9787656714	0.931638	13.621557	0.05336910000000001	0.0270446	-0.126610193	0.0189253849	-0.014338164099999997	-0.1077079915	-0.0897239862	0.061616274699999994	-0.0148184324	0.062203534299999995	-0.0082833943	-0.1017399879	0.0893808698	-0.016318104	-0.023637771000000002	-0.0299180494	0.0037835901	-0.054665949400000004	0.1304093006	0.0651152421	0.0228259416	0.08738898960000001	0.0130930383	-0.0205747818	-0.0750218755	0.07960398889999999	0.051030649000000004	-0.014107588700000001	-0.0025587057	0.0179683806	0.0464640177	0.0660796869	0.060699515499999995	0.11282473130000001	0.0316470581	-0.0457820714	-0.0315931036	-0.060307022599999996	-0.1850533643	-0.019545279199999998	-0.052164756799999996	-0.0069296803	-0.044175086100000004	-0.13263929230000002	0.0628673132	-0.007971999399999999	0.026466284500000003	0.08679139720000001	-0.0471328651	0.0008282835	0.11755559460000001	-0.109219155	0.0292379963	0.0783958403	0.0388431615	0.027439747	-0.0765622252	0.075682517	0.0019127422000000001	-0.0584613036	-0.060342166100000004	0.0001701068	-0.005419350600000001	0.0388751528	0.0786261119	0.0491023501	-0.0191091602	0.1597204212	0.0465760517	-0.1368158451	0.0276315498	0.0196568958	0.0153709206	0.048360205999999996	-0.0460178029	-0.035829049700000004	-0.0217767573	-0.006733165699999999	-0.026448880600000002	0.048592872599999996	0.0250744754	0.0448844019	-0.0176937097	-0.0270582632	0.0551402487	-0.0214094948	-0.0978905813	0.09483768890000001	0.0008941791000000002	0.0059010242000000004	-0.0029256346	-0.0198754131	0.0931744169	-0.0457856617	-0.0324131796	-0.121820306	0.0283037296	0.0971335472	-0.0686351034	-0.0120936927	0.011299364199999998	-0.0721485233	0.0707690405	0.0013631656	-0.0091320745	0.05921941450000001	0.048403069900000005	-0.0492366971	0.0776138833	0.1111352219	-0.0203307	0.0405751882	0.0841192998	-0.2009761607	-0.1151177218	0.0278391602	0.09202442710000001	-0.0071322535	0.058024562	0.0363117243	0.060861638600000004	-0.025982384100000002	0.0686754358	0.071779304	0.027473689	-0.0520866649	0.0634318837	-0.1433246704	0.0033092085	0.0666566979	0.025096601899999998	-0.0290932894	-0.08621127519999999	0.057663254000000004	0.0242352594	0.0786468539	-0.0098094027	-0.1011906675	-0.0649907151	-0.0436397372	-0.0064791315000000006	-0.053587248399999995	-0.043167162099999996	-0.0222836691	-0.0691446941	0.0026226665000000002	-0.13712363060000002	0.0140878526	0.0385692725	-0.0136468608	0.0654389354	0.054938056	0.0074459808	0.07104702780000001	-0.018335495900000002	0.10017215630000001	0.004163224	-0.015393143100000001	-0.0896534058	0.0351483983	-0.0708051784	0.010722530800000001	0.0548076162	-0.0924931752	0.0831882876	0.0	0.0	0.0	0.00790387	5.005000000000114e-05	6.24711609769e-05	2.5050025000001136e-09	0.0726686	-0.011364199999999993	0.00528072542596	0.0001291450416399998	0.14086300000000002	-0.020269999999999986	0.019842384769000004	0.00041087289999999934	0.000249986	0.000128418	6.2493000196e-08	1.6491182723999996e-08	-0.000991904	-0.00020583100000000007	4.236640056100003e-08	9.83873545216e-07	0.00027266	9.944799999999996e-05	9.889904703999996e-09	7.434347559999999e-08	0.0	0.0
4509.90045911488	8.052339078055411	20339202.1511246	64.84016462797828	4747.447577129711	37.51758473569771	1407.5691644002575	22538258.49759477	4705.235007378874	2.8176781886268145	7.939310374663288	22139236.47466367	4693.211180583572	3628.5540222938594	0.9547890000000002	13.960045	0.040004415000000015	0.022382	-0.09641794869999999	-0.001330469	0.032186043500000004	-0.0733428104	-0.049151926500000005	-0.013846536699999999	-0.0398506962	0.05240052480000002	0.1407646658	-0.0401657202	0.1210607378	0.0024446289	-0.0439073571	0.062488503099999995	-0.029796533599999998	-0.059678665199999995	0.04416677	-0.00036345370000000004	0.0151686047	-0.0357292295	-0.1047524519	-0.0152095582	-0.0730849926	0.0562500772	-0.0191670634	0.0354429931	-0.06248105	-0.028754096899999998	0.1429321467	-0.061839167	-0.0457248927	0.023042705299999997	0.043829541900000005	-0.0796281496	-0.045820251799999996	0.0169531719	0.0016003685	-0.0051964146	0.006240384200000001	0.041653178900000004	-0.07678691730000001	0.0173621623	0.0305307186	-0.0129229083	0.0282169559	0.016839335900000002	0.0093738733	0.0248586786	-0.0548960167	0.010555070900000001	0.0137601605	-0.1619541994	-0.1318265012	-0.031261570499999995	-0.0826144862	-0.0661231014	0.0842065457	-0.0557553658	0.021357837400000003	-0.003441722	0.0781956487	0.007709958100000002	-0.1016777373	0.0007049519	0.1022241715	-0.1412789612	0.029431932400000006	-0.0212490261	0.0920598253	-0.038163082200000004	0.0982066538	-0.1674993971	0.025973615	0.1496320026	-0.0464785977	0.1071563042	0.10602495029999999	0.0558714479	-0.0274700327	-0.02012574	-0.12171686710000001	-0.0351885294	0.0135715449	-0.1020946041	-0.0263594928	0.1119337109	-0.044339282800000004	0.002595275	-0.08046486900000001	0.04650813610000002	0.0410477556	0.0342446457	-0.065232071	-0.052491118499999996	-0.10721332609999999	0.057466341500000004	-0.0213802316	-0.0508206722	-0.0002930024	0.016850040900000002	0.053148050499999995	0.0689902518	0.020126733100000002	0.051887741900000006	0.0139118026	-0.0315389933	-0.0777184378	0.0827563355	0.0726169299	-0.0234289108	-0.07356900549999999	-0.0207756544	0.0740752932	0.0945694	-0.0616297189	0.0643135126	0.035650859	-0.0235807214	-0.019730067900000002	-0.0309239268	0.0238477147	0.048708762	0.0218957291	0.1129091106	-0.1067457226	-0.0102475246	0.0084177551	0.0382429246	0.0727547126	0.10679876630000001	-0.026418121	-0.0008526132000000001	-0.0006632700999999999	-0.0945914054	-0.0524586268	0.09465200800000001	-0.0430787958	0.1690589525	-0.0567929313	0.028201766	0.1126037052	0.020183619099999998	0.0742431221	-0.1097182542	0.120211242	-0.06291751820000001	-0.1121548316	-0.1699794545	-0.085753253	0.07100472299999999	0.08356527700000001	-0.045876394400000006	-0.0914232552	-0.0940529567	0.040151303	-0.10845147289999996	0.012765610600000001	0.0169308774	-0.0716925786	0.013387050800000001	0.051469345	-0.09113954460000001	0.0862111885	0.0	0.0	0.0	0.007888239999999998	-1.5630000000002586e-05	6.222433029759996e-05	2.4429690000008077e-10	0.0674807	-0.005187899999999995	0.00455364487249	2.6914306409999953e-05	0.157702	0.01683899999999999	0.024869920804	0.0002835519209999998	7.10593e-05	-0.00017892669999999998	5.049424116490002e-09	3.2014763972890006e-08	-0.00108222	-9.0316e-05	8.156979856000002e-09	1.1712001284e-06	0.000182665	-8.9995e-05	8.099100025e-09	3.3366502224999986e-08	0.0	0.0
4515.969176645196	6.068717530316462	20393977.60440949	36.829332462770346	4771.171314542944	23.723737413232808	562.8157168520222	22764075.712717444	4710.213132330674	4.978124951800055	24.7817280357343	22186107.75198034	4697.93076096939	3726.7832686903353	1.0500120000000002	15.352307	0.041359085	0.0244012	-0.0335825142	-0.0766972853	0.0711503677	-0.0537082126	-0.0056905257	-0.08779699560000001	0.0007136444000000001	0.0175863141	-0.051158929699999994	0.0416023979	0.0812924305	0.0027741069	-0.0126789474	-0.0409736547	0.031219469700000002	0.0466655505	0.021818405	0.0162653199	0.0152025805	0.0392746158	-0.096059263	0.0353925217	-0.09703429710000001	0.0644883853	-0.1294841553	0.0048332097	-0.0798670993	0.0564383579	-0.064397397	-0.0194630327	-0.0583515291	0.0260954862	-0.0112671766	0.024538336400000003	-0.11465651630000001	-0.0195185749	-0.0319812686	0.0298509086	-0.0245067469	0.034954535099999996	-0.0601739021	-0.09606992460000001	0.0771595452	0.0688611539	0.014678985700000001	0.0657516363	0.005638911700000001	-0.2043342346	0.0447530938	-0.028285645	0.0759331047	0.026713199700000002	0.0365476996	-0.0667387871	-0.0874186232	0.0332516551	0.20202050100000002	-0.0500937338	0.041321268	0.0521739162	-0.028348568199999997	-0.0164939518	-0.0266595684	-0.1025869164	0.0703290385	-0.1037846255	0.0558912622	0.12559863	-0.1947729168	0.0284523227	-0.0599776721	-0.022210806800000003	0.0338870905	0.0159416154	-0.0765841658	-0.0313970011	-0.027564394300000003	0.0259480235	0.1313688646	-0.0166413074	-0.0695125003	-0.0787250941	0.0196556969	-0.013027585500000001	0.0544637466	0.0902313631	-0.0306057405	0.0141253529	0.0798661455	0.0140803812	0.0226288108	0.0400032321	-0.0689692027	-0.012405629199999999	-0.0693150505	0.0781835877	-0.0653443828	-0.105585344	-0.0250349875	0.056229864000000004	-0.013351489	0.0821670149	-0.0379017119	-0.0083288212	-0.029233505899999998	-0.0086011241	-0.0199846529	-0.034518080699999995	-0.0579728445	0.10432193699999999	-0.0059773382	-0.0541018866	-0.0391161452	0.0395727715	0.1049704525	-0.0132240758	0.0448728089	0.0532887571	0.0789296832	0.0673264429	-0.0528489831	0.056767157699999994	-0.1481317124	0.0408460794	0.107427755	-0.1218205451	0.0915354766	0.0614642372	-0.0986789783	-0.0251305813	-0.12749648130000002	-0.022014646699999998	-0.08429938449999999	0.05652024570000001	-0.0644244633	0.0934321424	0.0146444351	0.063779666	0.0346542052	0.1059601293	0.11521505679999999	-0.1143364751	0.0951804902	0.0789279709	0.1573580413	0.0426020155	0.116577199	0.09257656480000001	-0.0020285022	0.017848183700000003	0.0326911167	-0.0309651969	-0.016774193899999998	-0.1079563256	0.0632164803	-0.0037987677	-0.046967441299999996	0.0094928206	-0.0725656218	0.016040848	0.0480383225	-0.0894939666	0.08880265359999999	0.0	0.0	0.0	0.00780125	-8.698999999999773e-05	6.08595015625e-05	7.567260099999607e-09	0.06750089999999999	2.019999999998412e-05	0.004556371500809999	4.080399999993584e-10	0.140882	-0.016819999999999998	0.019847737924	0.00028291240000000005	0.000165058	9.399869999999997e-05	2.7244143364e-08	8.835755601689997e-09	-0.000786073	0.00029614700000000013	8.770304560900005e-08	6.17910761329e-07	8.417279999999998e-05	-9.849219999999999e-05	9.700713460840001e-09	7.085060259839997e-09	0.0	0.0
4515.968305218953	-0.0008714262430657982	20393969.733742144	7.593836971037716e-07	4811.082872780887	39.91155823794271	1592.9324809806915	23146518.40876559	4711.117546675764	0.9044143450901174	0.8179653076047858	22194628.53859627	4699.4365519009725	3759.0574744956753	0.9056320000000002	13.241322	0.011847959999999984	0.008894209999999998	-0.0037001263	-0.1281089802	0.0665985347	-0.1149101198	0.1002531602	-0.0612358597	-0.053508928899999995	-0.0065865538000000005	0.0016302684	0.0771727597	0.07716451349999999	0.1041333553	-0.0452572324	0.0024714719	-0.091809435	-0.0252269327	0.0224287088	0.0563110703	0.0114289353	0.022360203399999997	0.037163661	-0.0334441257	-0.0672480452	-0.0450613658	-0.1060060607	-0.0371699679	0.030203248399999997	0.10124061919999999	-0.009423231899999999	-0.014359818100000001	-0.0097682155	-0.0008585392	0.025448222799999996	0.044582778899999995	-0.012632831899999999	-0.0692056145	0.0300684929	-0.0586189314	-0.0875765169	0.0461025574	0.0120898936	0.0188873507	-0.0484814454	0.1190514933	-0.09947786019999999	-0.0208898011	-0.062311258	0.0436886451	-0.049272878799999996	-0.0016930579999999999	-0.0735580613	-0.0742615141	-0.0692187434	-0.056365232	0.052790977	-0.0049638599	-0.0238299209	-0.049866152000000004	-0.028731980299999998	0.0833896607	0.11879746740000001	-0.0067345758	-0.023919634900000004	0.132235339	-0.0165137126	-0.0279988105	0.0005601712	0.014526416100000003	-0.08788113619999999	0.0417141866	0.09617771650000001	0.1508308873	0.0037250384999999997	0.1152151199	-0.0758416034	0.058135005199999985	-0.1036199792	0.130156534	0.0497760185	-0.057386012300000004	0.1015210938	-0.0669960824	0.0024143987	-0.0193729326	0.09132658390000001	0.0726133753	-0.0816504717	-0.021225874900000004	-0.0414151361	0.023210332200000003	0.073700927	-0.0270157413	-0.0024283403	-0.013843413	0.0100456026	0.0476330325	-0.061307632699999996	0.040958161800000004	-0.0482848867	0.11134654849999999	-0.024760832400000002	0.0331846461	-0.09949898310000001	-0.0274652377	0.0389406637	0.0512991301	0.0009089035	0.0126702635	-0.057975660599999986	0.0129304165	0.030438346499999998	0.0154867121	-0.0246948841	-0.0639453142	-0.029458720499999997	0.0229717618	0.0814006508	0.0504046389	-0.0177466553	-0.060463534900000004	0.002391269	-0.1073649606	-0.10014456599999999	0.1125055642	-0.10669618980000001	0.051080732999999996	-0.0385783196	-0.0771593698	0.0041360221	0.0261657532	-0.0058975935	-0.014234415700000001	0.0549978592	0.042496791299999996	-0.0194936251	-0.0740479484	-0.0734011745	0.0420363847	-0.0714183904	0.1192624684	-0.06194849190000001	0.0530501802	-0.037679512000000005	0.0894928641	-0.0173522911	0.043356991799999994	-0.051794405599999996	0.0994622884	-0.0612494195	0.1523955837	-0.0574697354	0.0049526889	-0.0200102676	0.0026625703999999997	0.1161873854	0.0479759758	0.031142818	0.1285580527	-0.0734241332	0.0186817967	0.0445207318	-0.0875617125	0.0909497141	0.0	0.0	0.0	0.00777363	-2.7619999999999895e-05	6.04293233769e-05	7.628643999999946e-10	0.0674893	-1.159999999998662e-05	0.00455480561449	1.345599999996896e-10	0.140895	1.2999999999985246e-05	0.019851401025	1.6899999999961635e-10	7.96965e-05	-8.536149999999999e-05	6.35153211225e-09	7.286585682249999e-09	-0.000786073	0.0	0.0	6.17910761329e-07	-6.63805e-05	-0.0001505533	2.2666296140889995e-08	4.4063707802500006e-09	0.0	0.0
4510.30323457821	-5.6650706407426705	20342835.267846666	32.09302536460457	4811.90486368266	0.8219909017734608	0.6756690425983473	23154428.41713284	4711.647340587595	0.5297939118308932	0.2806815890130802	22199620.662066154	4701.713975281614	3761.673860702017	0.980169	14.331138	0.02643235	0.0212731	0.0181272292	-0.13041090630000002	0.0057400134	0.048213371500000005	0.06964845230000001	-0.1189428692	-0.0758009514	0.022169733599999998	-0.17720436899999994	0.055854159699999996	0.0134933302	0.1115793408	0.033821507599999995	0.0317924496	0.0625837432	0.0417354926	0.027383211299999998	0.0197602739	0.0062175122	-0.0926744758	-0.0993801599	0.0581065109	0.10310708380000001	0.0764765543	-0.0701967854	-0.0297252562	-0.0331723594	0.10614120839999999	0.012412974299999999	0.09179595369999999	-0.0024668745999999997	-0.0619370058	-0.0356809476	0.026092192599999998	0.0188417147	-0.09763159119999999	0.0002575368	0.08318526059999999	-0.0173122572	-0.0854384567	-0.0991538411	0.0197783622	-0.1515858924	0.016308532	0.0179874698	0.0081882363	-0.11410046119999999	0.08240959169999999	0.0557436944	0.0023019782999999998	0.0724506161	-0.06706793900000001	0.17038912679999998	-0.0113760749	-0.002977242	-0.009704796600000001	0.0412558502	-0.0283235134	-0.05485963	0.0286124518	-0.0151092318	0.011509183700000002	0.0989744733	0.1902359434	-0.0236872517	-0.0753638078	-0.0888258143	-0.0023593807999999997	0.1495549831	-0.159535621	0.057018157300000004	0.082673809	0.0106071619	0.0231908237	-0.0706461817	0.0124530172	-0.034912652599999996	-0.1217791644	0.0585650896	-0.034500097	-0.0639542972	0.042969330300000004	0.016004268999999998	-0.15840781869999998	0.06987168519999999	-0.0055203972999999995	-0.09742526609999999	0.0201952237	0.0154389197	-0.0493644982	-0.045891794900000005	0.0546314424	-0.0795611828	-0.0259465261	-0.014142091899999999	-0.0349999048	0.1112238867	-0.043074238499999994	0.037325891	0.0201986098	-0.10473664369999999	0.0248954979	-0.18513138	0.045297078399999996	0.0726312057	-0.0631012803	-0.021698934700000002	0.0132698584	-0.11561703050000001	0.0100703379	-0.054897147400000006	0.0061236042000000004	0.0006005791	0.0277237143	0.001797451	0.0734982366	-0.0629289169	-0.08503582550000001	-0.1026610589	-0.09315149660000001	-0.0096837977	0.005271318299999999	-0.0062829436	-0.10749997050000001	-0.013716087	-0.0328467576	0.110976196	-0.10747884740000001	0.014335227800000001	-0.1266982171	-0.016593049199999998	0.0952845054	0.0173925158	0.0226234848	-0.048772761500000004	-0.0045862384	0.0033642095	-0.0473101642	-0.1597788533	-0.0669541003	0.051617156399999996	0.1158209848	-0.12463162119999999	-0.10014371550000001	0.01978913	0.1429007528	-0.054786943600000006	-0.0295144169	0.07997008530000001	0.0425497091	-0.1298493306	0.0379608649	0.015080566	-0.0716933869	-0.06659921889999999	0.0105616228	0.015228556399999999	0.1386710782	-0.07426794099999999	0.021307781499999998	0.0409229116	-0.08534897179999999	0.0926416252	0.0	0.0	0.0	0.00776643	-7.1999999999997405e-06	6.0317434944900014e-05	5.183999999999628e-11	0.0673687	-0.00012059999999999849	0.0045385417396899995	1.4544359999999633e-08	0.139622	-0.0012729999999999966	0.019494302884	1.6205289999999906e-06	-0.000319963	-0.0003996595	1.02376321369e-07	1.5972771594024994e-07	-0.000786073	0.0	0.0	6.17910761329e-07	3.4591e-05	0.0001009715	1.019524381225e-08	1.1965372810000001e-09	0.0	0.0
4503.3558226590085	-6.9474119192018415	20280213.665476795	48.26653237506782	4817.9827964089145	6.077932726254402	36.94126622487428	23212958.226492263	4706.994872845596	-4.652467741999316	21.64545609034423	22155800.732994724	4696.770655301856	3715.026327732276	0.8806219999999999	12.875652	0.042990445	0.025926	-0.0030224939	-0.121448351	-0.0828062957	-0.0052640517	0.0796755456	0.0647081246	-0.0723634255	-0.11537107460000001	0.0487319358	0.00440924	-0.0095062764	0.12011639589999999	0.0066262681999999995	0.1148974791	0.08435910519999999	-0.0803932912	-0.09373596449999999	-0.0485492666	0.0405479907	0.0588677088	-0.0465878935	-0.08465572390000001	-0.026242467999999998	0.0781324315	-0.1206723752	0.0049367509	0.07739869490000001	-0.1291547308	-0.1257832794	0.037405423	-0.10342441	-0.035272218	-0.092869011	-0.0444498706	-0.0162187266	-0.0273334813	0.0435086062	0.012785024499999999	-0.0088850174	0.033095761099999996	-0.1605241399	-0.1063444935	0.0295175006	-0.008960006	-0.0240866938	0.043573435099999995	0.08726314789999999	0.0261603668	-0.1236155504	0.1458217958	0.09949728210000001	0.054558658200000006	-0.0207517923	0.0141813099	0.163183676	0.0732873546	-0.0704832022	0.024666461299999998	-0.0608290238	0.0406857877	-0.1059757745	0.0020731132	-0.0145302948	-0.0182042024	-0.083409872	0.148506784	-0.0796095901	0.0359972809	0.1378388114	0.10388493050000001	-0.0713225304	-0.0115643327	-0.023470805499999997	0.0295587325	0.0848443978	-0.0343037926	-0.0631148597	0.0798317479	0.1115016389	0.022364788700000002	0.0239049402	-0.0208355126	0.0716072697	0.0042768645	0.0107680362	-0.0122841909	-0.0824283241	-0.0208805538	-0.1139003401	-0.11560987130000001	-0.0544175329	0.0915146024	0.0037858195	0.082323745	0.021634150699999997	0.1022277225	-0.0508876887	-0.0173784424	0.0372982504	-0.10221990289999999	-0.0954264433	0.0840650082	0.0535615785	-0.07853616	-0.027034686699999998	0.1036849782	-0.0314400343	-0.1444246658	-0.09250290359999999	0.0375332036	-0.050539082	-0.0472446038	0.0698043439	0.0314787184	-0.0035292483	0.13355445900000001	0.08441035699999999	-0.036917774300000004	0.09531347800000001	0.0544178738	-0.06781055429999999	0.090830096	-0.0065223275	-0.07958191120000001	-0.0013664278	0.16463792859999998	0.0412597073	-0.0933455637	0.0458838438	0.0710958442	0.04723628690000002	-0.0416092134	0.0007133189	0.1657033501	0.0095786513	0.0815866811	-0.0073108014	-0.08774571279999999	0.1585869588	-0.1581119425	-0.1053227448	-0.0104583964	-0.0444490675	0.0474142953	-0.08902287099999999	-0.08152167490000001	-0.021871430299999998	0.030016734500000006	0.0468622905	0.0222301132	-0.0137694249	0.0506464688	-0.0755244056	0.045116085199999996	0.09453634150000001	0.060732852000000004	-0.09912636130000001	-0.0327654058	-0.0750968762	0.0239166992	0.0372513456	-0.08286283259999999	0.0938699199	0.0	0.0	0.0	0.00777658	1.0149999999999567e-05	6.04751964964e-05	1.0302249999999127e-10	0.0506565	-0.016712200000000003	0.00256608099225	0.0002792976288400001	0.136248	-0.0033739999999999877	0.018563517504000003	1.1383875999999921e-05	0.000107173	0.000427136	1.1486051929e-08	1.8244516249600002e-07	-0.000786073	0.0	0.0	6.17910761329e-07	6.53369e-05	3.0745899999999986e-05	9.453103668099996e-10	4.268910501609999e-09	0.0	0.0
4501.375562863374	-1.9802597956340835	20262381.95794356	3.9214288582047416	4749.532554052093	-68.45024235682196	4685.435678707661	22558059.482000597	4698.312628265367	-8.682244580229053	75.38137095091676	22074141.552917816	4688.120587225199	3661.0365480682867	0.928133	13.570313	0.06153930499999999	0.0352327	-0.0218374828	-0.0377786143	-0.1495742837	0.0380316988	-0.06695269150000001	0.0165817808	-0.044290796900000005	-0.0261239142	0.033762807400000004	-0.1306613425	-0.0226481585	0.0432060472	-0.021974895	0.0362347889	0.060971345	0.012988433600000002	-0.0765106305	0.0245725995	0.047262930300000006	-0.0534319637	0.0002289547	-0.028233417900000002	-0.0062626007999999995	-0.043651386699999996	-0.019329566399999998	0.0549257063	0.05882358820000001	0.0648414168	-0.060763447199999994	-0.022341398399999997	0.0646839917	0.0507968348	-0.0279273263	-0.14733724410000001	0.0533296379	-0.0365205071	0.0630034553	-0.0112037497	0.0376601668	-0.0623231414	0.003952751	0.0606482953	0.0623434722	0.04875831519999999	-0.1649701922	-0.051373689199999996	0.1219957577	0.027853944300000003	-0.033882852799999995	0.04262067	-0.0043063694	-0.0674370164	-0.0106508256	-0.0331947025	0.0458996305	-0.0295888737	-0.1282223121	-0.0505997086	0.0165400965	-0.1494783556	-0.0313208661	0.0258572538	0.0644814093	-0.056333430999999996	0.0143938137	-0.0022053844	-0.032473946000000004	-0.0255218748	-0.054522741500000006	-0.0170259143	0.0060332555	0.057828413899999986	-0.1305772363	-0.046045579100000004	-0.1459103902	0.0818022004	0.033469113700000004	0.0330778033	-0.0264478038	0.1391761624	-0.0672152005	-0.057702221399999996	0.0248208614	0.0384449887	-0.1282189519	-0.0246932443	-0.0561485734	-0.0240925656	-0.0398913614	-0.0239585963	-0.0125183195	0.072693555	-0.0680025935	0.0455993592	0.0423207585	-0.0118809868	0.0300683384	0.07275583599999999	-0.0285783913	0.0114694702	0.0052992725	0.0267748135	-0.026754854100000003	-0.1125828751	-0.05664518950000001	-0.075706052	0.0813770323	-0.0380971708	0.0811098817	-0.0251706839	0.0324109263	-0.0763339732	0.0700907135	-0.0438957797	-0.021655573100000002	0.0311245554	-0.028739182999999998	-0.0410969097	0.0872889981	0.022561852200000003	-0.0769765428	-0.1308198783	-0.0014046087	0.0682566841	-0.046112411299999996	0.044561095	-0.079805763	-0.14353732519999998	0.046712427300000005	0.0731337355	-0.0548414895	-0.0081116398	-0.0252717777	-0.09147237539999999	0.1518454705	-0.09404461199999999	-0.0092132799	-0.02559457	0.0619172313	0.0078563981	-0.0314601571	-0.020757273700000002	-0.0070315977	-0.0597513939	-0.0087589285	0.0609735444	-0.010954596899999999	0.0246249737	0.11718901779999999	0.082190859	0.0596866557	-0.0570667713	0.1115854056	-0.0178017128	-0.07369902910000001	-0.1197399308	-0.1041828526	-0.0468107657	-0.0759107728	0.0265064599	0.0335126502	-0.0801112588	0.09462845140000001	0.0	0.0	0.0	0.00778912	1.254000000000012e-05	6.06703903744e-05	1.5725160000000302e-10	0.0674058	0.016749299999999998	0.0045435418736400005	0.00028053905049000004	0.148812	0.012563999999999992	0.022145011343999998	0.0001578540959999998	-0.000458204	-0.0005653769999999999	2.09950905616e-07	3.1965115212900013e-07	-0.000786073	0.0	0.0	6.17910761329e-07	-1.35554e-05	-7.88923e-05	6.2239949992899995e-09	1.8374886916e-10	0.0	0.0
4509.149593941129	7.774031077754444	20332430.060539447	60.43555919789192	4712.725961446762	-36.80659260533048	1354.7252592147686	22209785.98769431	4697.939117270706	-0.3735109946601369	0.13951046313200482	22070631.949582264	4687.551921508336	3670.384109059555	0.905149	13.234256	0.06433749	0.0431534	0.00013734790000000002	0.0370398786	-0.1701724486	0.010513015300000001	-0.1358962188	0.0129422704	-0.0059876505	-0.0856282335	-0.1013313069	-0.1436975006	-0.022114718999999998	0.0331552384	0.0364327148	0.027859972599999998	0.07280259730000001	0.025690569500000003	-0.0453685499	0.0559324754	-0.0024353822	-0.011403297	-0.0425344181	-0.1310818178	0.093174806	-0.0305259883	-0.0001865832	0.064787949	-0.0414021151	0.0689061092	-0.0403782737	0.0006208969	0.07210793809999999	-0.0219148587	0.0579332947	0.0792963941	-0.0221448442	0.0787665999	0.12748373300000002	-0.0178804309	0.1317773999	0.027586451600000002	-0.0259648619	-0.0763035718	0.1415595852	-0.024791221800000002	-0.0119622931	0.013676946	-0.027566159	0.0963468294	0.09222447519999999	0.034419944	0.0825722559	0.023517329500000003	0.042709856399999996	0.1149831758	-0.0475742195	0.062182231500000004	0.0029292997999999996	-0.0872287788	0.1261521447	0.1045675992	0.1557703088	0.077464722	-0.0108102519	-0.08040915059999999	0.12036454810000001	-0.058312126299999996	-0.0450442512	0.0898227816	0.0105907977	-0.0128182669	-0.0286311496	0.0106343997	0.059243543499999995	0.1264225081	-0.14902730390000002	0.0045873381	-0.10464451179999999	-0.0588193754	0.0026913087	0.026561510099999998	-0.0146045365	0.0444131212	0.059989376799999994	-0.043085741500000004	-0.1402620232	-0.0141610029	-0.0514686309	0.0266037027	0.0215704152	-0.0468733042	-0.0570117739	0.0039161681	-0.051629460300000006	0.039647163199999995	0.034983093199999996	0.0565706151	0.0397510612	0.0930015003	0.0957793325	0.083988139	-0.0023717796	-0.0098665297	-0.0248588971	-0.042171790599999995	-0.1025860665	-0.0664202421	0.0473466622	0.0045743082	0.046064767300000004	-0.0254566382	0.034361694	0.1612406166	0.0784084501	0.06520676980000001	0.071926115	0.0320406694	-0.0203552625	0.0834767005	0.0881713819	0.0674830844	0.1386727513	0.0285430708	0.09069951970000001	-0.028492637999999997	0.0077570040000000005	0.023775033900000003	0.1295938616	0.0506881488	0.1201137141	-0.0678224551	-0.10828126810000001	-0.00013684719999999999	-0.0179081359	0.087833775	-0.0044976393	0.0319638548	-0.0856843424	0.1508321278	0.054314107699999996	-0.0254190763	-0.0240483179	-0.0013000552000000001	0.0648213866	-0.042988634500000004	0.1549149955	0.114063416	0.0420383145	0.034693342599999996	-0.0192224429	0.0737159294	-0.06296283700000001	0.0330376601	-0.0396268728	-0.1052785019	-0.026198280600000002	0.062434695400000004	0.0163939855	0.0254372875	-0.07670946769999999	0.029074989300000006	0.0297135627	-0.0771030644	0.09491342359999999	0.0	0.0	0.0	0.007799689999999998	1.0569999999997944e-05	6.083516409609998e-05	1.1172489999995651e-10	0.0642824	-0.0031233999999999984	0.004132226949760001	9.75562755999999e-06	0.124602	-0.024209999999999995	0.015525658404	0.0005861240999999998	0.00016565599999999995	0.00062386	2.744191033599999e-08	3.892012996e-07	-0.000786073	0.0	0.0	6.17910761329e-07	0.000102455	0.00011601040000000001	1.345841290816e-08	1.0497027025e-08	0.0	0.0
4519.738234124833	10.588640183704227	20428033.705009867	112.11930093995592	4700.65409506451	-12.071866382251756	145.7299579509401	22096148.92144675	4698.977034060422	1.037916789715382	1.077271262373085	22080385.16662728	4688.175728476143	3721.040581542508	0.914163	13.366048	0.07239234499999997	0.055192999999999985	0.0456776895	0.0864836678	-0.11263772710000006	-0.0553407342	-0.17874477379999998	0.0694576188	-0.0322668089	-0.0637473107	0.10386177810000001	-0.1564078279	-0.0577592966	-0.01056849	0.0443948279	0.030257972799999998	-0.0243515768	-0.0315653739	0.0016795764	0.0180265381	0.08257349650000001	0.045210647199999995	0.08613387019999999	0.0704759405	0.026183631000000002	0.0327439983	-0.0389949381	0.0752555703	-0.0700043764	0.1121333701	0.14132987630000002	0.0744382037	0.0362728516	0.045989771299999996	0.0427422954	0.0190241561	-0.1479599062	0.0415777764	0.0216925904	-0.0016008928	-0.0229458942	-0.09738889460000001	-0.0401861527	0.10601943949999999	0.0234294421	-0.0688102003	0.0383373596	-0.0283516012	-0.026673569900000003	-0.0014034071	-0.0243880428	0.0370593767	0.009610892900000001	0.08835831460000003	-0.1047735847	-0.0015255725	-0.0673144596	-0.0034619587	-0.0445621707	-0.0410239291	-0.0629510247	0.0575605945	0.07216073049999999	0.0707914344	-0.0410063941	0.1306580728	-0.0133835824	-0.0038882032	-0.0205099881	0.0342652637	-0.0490426967	-0.0703783792	-0.0464817818	-0.0769046654	-0.0885707139	0.0037821718	-0.021974554599999998	-0.0139317254	-0.09443511630000001	0.058337374000000004	-0.0787073821	-0.0367826482	-0.0712448155	0.029740760499999998	-0.0225243946	0.023379312599999997	-0.1605695171	-0.0521668967	-0.013725426399999999	0.056118927699999994	-0.0628536848	0.0304571654	0.015658586699999998	-0.0191083638	-0.0023116192	-0.0072758241000000015	0.0937595485	-0.0321336516	-0.0352383011	-0.07632588629999999	0.007883478000000001	0.1082596655	0.0344121284	0.0792850435	-0.0065476589	0.0276233275	0.0287097696	-0.0907811117	0.018514681	0.15771775970000002	0.0901543242	0.12147819160000001	0.0179301115	0.08698268890000001	0.0081214014	-0.024123676400000002	0.0480945974	0.0290560765	-0.09074127539999999	-0.09529897179999999	-0.0696357463	0.0327377636	0.0929442573	0.0292469336	0.016036631000000003	0.0022704867	0.0411943549	0.0463809814	-0.0712398515	0.023246411499999998	-0.0401339033	0.09124342710000001	-0.0187929795	0.0296153544	0.0836844694	0.037175942000000003	-0.0038133609000000003	2.32603e-05	-0.1177690447	0.0633550799	-0.0696185661	-0.0705340543	0.024192503799999997	0.0354454104	-0.013861271299999998	0.10658535890000001	0.0809127182	0.034998532400000004	-0.0195463818	-0.021659750699999997	0.08861717849999999	0.05852158070000001	0.0166201407	0.0091355416	-0.013617150900000001	0.061907007	0.014671443999999999	-0.031575948199999995	0.0645996466	-0.0643265888	-0.077492801	0.03162023	0.0258609294	-0.0738478857	0.09472341039999999	0.0	0.0	0.0	0.00778689	-1.2799999999997707e-05	6.06356558721e-05	1.6383999999994137e-10	0.0673385	0.003056099999999992	0.00453447358225	9.339747209999952e-06	0.135897	0.011294999999999986	0.018467994609	0.00012757702499999969	-0.0008420959999999998	-0.0010077519999999998	7.091256732159995e-07	1.0155640935039996e-06	-0.000786073	0.0	0.0	6.17910761329e-07	-5.03619e-05	-0.00015281690000000002	2.3353004925609995e-08	2.53632097161e-09	0.0	0.0
4526.561103458052	6.8228693332184775	20489755.42333937	46.55154593817315	4731.697751457041	31.043656392530465	963.7086022174975	22388963.61114361	4709.364633690923	10.387599630501427	107.90222608359336	22178115.253058843	4698.885898532664	3775.082159685297	0.962312	14.070042	0.060998515	0.034323800000000015	0.07635080129999999	0.0942111462	-0.0075246475	0.0117416496	-0.1197548855	-0.0479993175	0.0012530771	-0.043093804900000005	-0.0555026763	-0.0250184308	-0.0474043907	-0.0917330001	0.0570052821	-0.0214288586	-0.040240658900000004	0.0051662231	0.020469701	-0.0607661281	0.0561657583	-0.0965132667	-0.0248466916	0.0333036046	-0.0013204977	-0.015566036399999999	-0.013887680900000001	0.0342556779	-0.0388015957	0.039805005	-0.0668669633	-0.0108995207	0.0202045447	0.1434803169	-0.014706806599999999	0.0737191662	-0.0784620666	0.016877525600000002	-0.061160660199999994	-0.0704576926	-0.0362300546	0.07471651160000001	-0.0251824378	-0.0245828058	0.0293259987	0.15175101119999998	0.0109250287	0.0015935771	0.0739767797	0.041442185699999995	0.029158319300000006	-0.024130383	-0.02145455	-0.06694416519999999	0.0543320847	-0.0138335327	-0.0428256713	-0.0334035962	0.033850691	0.012499610900000001	0.0693532916	0.0294816057	-0.0794201428	-0.0487303965	-0.0532031278	0.013317148000000001	-0.0427269837	-0.0631053437	0.0515246868	0.0071123575	0.0202718599	-0.070444255	0.0802115054	0.013140988999999999	-0.031553933799999996	0.0961304768	-0.0712584304	-0.133024655	-0.1337665394	-0.013521036699999999	-0.008324365600000001	-0.0254430513	0.0108518222	0.0073976149	0.08436728660000001	-0.1319903532	-0.0371572341	-0.052242243499999994	0.0512896827	0.07211436660000001	0.052293722300000005	0.0774789139	-0.009718082900000001	0.0587462345	0.024792916	-0.052270725999999997	-0.0491428609	-0.0252007115	0.06198365	-0.0126394852	-0.0009319392999999999	0.030874464	-0.0023182091	0.0085937635	0.0331316366	-0.0568310786	-0.0560792878	0.0177588674	6.59682e-05	0.0694125989	-0.0201664229	0.1364086936	0.14365760560000002	-0.036622289599999996	-0.040174622	0.007248969799999999	0.0616426567	0.04508653519999999	0.0193884778	0.1261791227	0.0010959210000000001	0.0126889046	-0.0970826777	-0.025416071600000003	0.0165966491	0.0541437422	-0.0892982033	-0.0374619412	0.1008141682	-0.0028012856	0.0090435746	-0.0554909714	-0.0489211348	-0.0607698183	-0.0258341464	-0.0594162876	-0.012999641999999999	0.0598504868	0.0165298376	-0.0236735149	-0.0244601157	0.100992237	0.047627985	0.008119607099999999	-0.041495236	-0.026948517999999998	0.045670702599999995	0.0040194102	0.0667668178	-0.0362755625	0.0671392235	0.093089811	-0.0806828918	0.0916702773	-0.07260727089999999	-0.0190298676	0.0383100257	0.0317786073	0.0361635972	0.0710667734	-0.0782606159	0.034140143399999996	0.0219616929	-0.07035615	0.09405936279999999	0.0	0.0	0.0	0.00180772	-0.005979170000000001	3.2678515984000008e-06	3.575047388890001e-05	0.0674223	8.380000000000888e-05	0.00454576653729	7.022440000001486e-09	0.124677	-0.011219999999999994	0.015544354329	0.00012588839999999986	-0.000327228	0.0005148679999999997	1.07078163984e-07	2.6508905742399967e-07	-0.0010934	-0.00030732700000000003	9.444988492900004e-08	1.19552356e-06	1.754e-06	5.211589999999999e-05	2.7160670328099995e-09	3.0765160000000004e-12	0.0	0.0
4524.221286433374	-2.339817024677359	20468578.248616856	5.474743708970008	4730.056769620289	-1.640981836751962	2.6928213885498433	22373437.043830726	4712.123289746138	2.7586560552144874	7.6101832309715585	22204105.897767965	4700.234616263812	3768.5048789315883	0.931417	13.618327	0.030101854999999983	0.0194529	0.0458650271	0.08621635960000001	0.0764848815	-0.1325500932	0.0260810564	0.0626742574	0.0102030551	-0.0496216013	-0.1089081707	0.0443301049	-0.0284263227	-0.0796079873	0.026185270400000002	-0.0305876643	-0.0063977695999999995	-0.001268741	0.0427231213	-0.1172403652	-0.034492263100000004	-0.04852736059999999	-0.0925265549	0.063518998	0.051138148200000004	-0.0126408635	0.0047273643	-0.0047825181	-0.0822258434	0.0209039831	0.051646038600000006	-0.0544650763	0.0581388137	0.006087701	-0.0176795494	0.0057719445999999995	-0.12926301	-0.033019951299999996	-0.0369637897	0.0012974401	-0.013395797099999999	-0.0994298992	0.10187506589999999	0.015685091	-0.0347339458	0.0762224182	-0.014699564699999999	-0.0783680252	0.0208035044	-0.0113291646	0.010987658899999999	0.0024272634	-0.0982510622	-0.00037432949999999997	0.012281821399999998	-0.0163580497	0.1007036777	-0.12035414300000001	0.0060255316	0.0121487677	0.022888893900000002	0.014047723500000001	-0.0902092702	-0.0590721769	0.0003786025	-0.0021143713	0.0796586626	0.0327652404	0.061584408099999995	0.0051286469	0.0061088892	0.0300340463	-0.083213916	-0.0671056396	-0.0076187808	0.0769691902	-0.0328684587	-0.1622139283	-0.0711414162	0.1322150693	0.1488466093	-0.011721903600000002	0.0475208903	0.0552837944	-0.031987621699999996	-0.0289601869	0.0253426228	-0.031502335299999996	0.1012724508	0.0511968409	0.0146361217	-0.0252553972	5.79167e-05	-0.0071526520999999985	0.0543677434	-0.0329052637	-0.12139005230000001	-0.04677712269999999	0.11096045789999999	-0.1082338818	0.031766997000000005	0.0861250598	0.024316003399999998	-0.035970192000000005	0.0637183449	0.0131897548	0.0053072419	-0.0701886252	-0.0158489418	0.0283466819	-0.0167195685	0.07513737870000001	0.0039860512	-0.0073181355000000005	-0.0343048838	-0.0582452031	0.059302681399999994	-0.102146222	-0.0443667943	-0.0693810844	-0.0742475135	0.0175259037	-0.0191397237	-0.0920731279	0.0105593867	0.113146488	-0.0033361628999999996	0.0469615929	0.0217902205	-0.06488652360000001	0.0017388801000000002	-0.0856329718	0.020526341	-0.1080428073	-0.0646615745	-0.043642721100000004	-0.053445798499999995	0.0135353502	0.012428089299999999	-0.07184976	0.014345273200000001	-0.0489173015	0.0046937142999999995	-0.1248436381	0.052042684699999994	0.0354494401	0.0061566421	-0.042778929699999996	-0.0625768677	0.022949120899999998	-0.0087360535	0.0637231365	0.0733991011	0.1211260108	-0.0097654631	0.035280732	0.0618171872	0.1345081024	-0.016206320700000002	0.1033052406	-0.0790127587	0.036632711	0.0180228799	-0.0666390423	0.0929246038	0.0	0.0	0.0	0.000433255	-0.001374465	1.87709895025e-07	1.889154036225e-06	0.0674607	3.8399999999994e-05	0.00455094604449	1.4745599999995388e-09	0.12688	0.002202999999999997	0.0160985344	4.853208999999985e-06	-0.000117162	0.000210066	1.3726934244e-08	4.4127724356e-08	-0.000786073	0.00030732700000000003	9.444988492900004e-08	6.17910761329e-07	-1.05728e-05	-1.23268e-05	1.5194999824e-10	1.1178409984e-10	0.0	0.0
4516.651401977698	-7.569884455676402	20400139.8869871	57.30315067229121	4770.226325002584	40.169555382295584	1613.593179611312	22755059.19174766	4713.8501679052115	1.726878159073749	2.9821081762859403	22220383.40545999	4702.370425317878	3724.632693441897	0.924273	13.513873	0.048347235	0.0249303	0.008870765899999999	0.046362012300000005	0.051673793499999995	0.0011055315	0.0708661741	-0.030006241099999997	0.11491055300000001	-0.0278469842	0.029654730299999998	0.0734193899	-0.00795969	-0.1016533033	-0.036185095800000004	-0.0483058887	-0.0285411356	0.042303243899999995	0.02802859	-0.0222657015	-0.0782423428	-0.0773274219	-0.0277443147	-0.0441791108	0.0593534133	-0.0100508665	0.0049596446	-0.1148016182	0.057342059699999996	-0.043694585	-0.0301206099	0.0630551231	-0.15777078460000002	0.0081586652	-0.0506945467	0.0199476403	0.0551032259	-0.0014290753	0.0375874188	0.015488765500000001	-0.08831215199999999	-0.0431083101	0.0007151038000000001	0.0126379626	-0.0775148004	-0.0737634261	0.0386413124	0.0592983749	-0.014430865900000001	0.0992637253	0.20202497190000002	-0.044807657699999996	-0.0058730258999999995	-0.0073783961	0.0402893871	0.05004795	0.0838730606	-0.1214837963	0.0691470841	-0.014088838000000001	0.10826814380000001	-0.0263886859	-0.0140582637	-0.0162524349	-0.1111081853	-0.0352450931	-0.0431338246	0.014634521200000004	-0.0144994835	-0.0539051846	-0.0357264449	0.0344868141	-0.0222493642	0.03842197	0.10087532380000001	0.0514644046	0.0089696112	0.0316545739	-0.0210228479	0.056032855300000003	-0.0719044777	0.036399375899999996	0.1443142525	-0.0821731406	-0.0265492206	-0.0607570851	0.0522168013	-0.026217932000000003	0.1155196112	-0.0264318567	0.0599847586	0.0392470661	-0.0040186297	0.0031065786	0.0245994964	-0.025514722799999997	-0.0666299702	-0.0372046486	0.0273121248	0.0548721728	0.0526111902	-0.0240585229	-0.0999360898	-0.0654624205	-0.058967681200000004	0.0527821884	0.0657977868	0.15330156	-0.0907037983	-0.0559609959	0.0200242775	-0.0176691283	-0.0404048319	-0.0074534417000000006	-0.049322123600000004	-0.07453009719999999	-0.042321211399999996	0.0492099558	0.0121173349	-0.027848303799999998	-0.0317722219	-0.0969477411	0.021607377599999998	0.015035515800000001	0.1584534343	0.0014498319	0.0621323497	-0.0696862021	0.049633443	-0.021956129900000003	0.08140834059999999	-0.059645963499999996	-0.0245424606	-0.0066774974	-0.1941006414	-0.0400060271	0.0095207469	0.08505211380000001	0.0040149343	-0.0100308564	0.0029442457	0.09414822140000001	-0.087680285	0.022203848199999997	0.0160199724	0.0568204182	-0.030813008700000002	0.0106003473	0.014540958500000001	-0.0060306731999999995	-0.07721153530000001	0.0117801492	0.022650579900000002	0.0355826175	-0.0198975052	-0.049801165599999996	0.1266110494	-0.012624058600000002	0.012526589099999999	0.058301131299999996	-0.07974907860000001	0.0390959363	0.014051588600000001	-0.0627084696	0.0913248123	0.0	0.0	0.0	0.00526428	0.004831024999999999	2.77126439184e-05	2.3338802550624992e-05	0.0674227	-3.799999999999637e-05	0.00454582047529	1.443999999999724e-09	0.142224	0.015343999999999997	0.020227666176	0.0002354383359999999	-0.000370935	-0.000253773	1.3759277422500002e-07	6.4400735529e-08	-0.000957966	-0.0001718930000000001	2.9547203449000044e-08	9.176988571560002e-07	-0.000147591	-0.0001370182	1.8773987131240002e-08	2.1783103281e-08	0.0	0.0
4517.745135816701	1.0937338390031073	20410021.112195466	1.1962537105804751	4738.594675118273	-31.631649884311628	1000.561274403672	22454279.495059248	4711.175385408006	-2.6747824972053422	7.154461407356046	22195173.51207428	4699.640001722976	3711.5899866205823	0.944736	13.813059	0.06397327	0.0303251	-0.0010826758	0.0708452731	-0.021028358100000002	-0.1035460468	0.0761939	0.067276377	0.09792894220000001	-0.0104452409	-0.0299602237	0.0486950384	-0.0364955469	-0.0726658698	-0.029877078199999997	-0.0177411014	0.15470849150000002	0.0403377169	-0.05894664400000001	0.0031837043	-0.11106461890000001	-0.0728315219	0.0446202014	0.0742565102	0.0506050722	0.0632543451	0.0655978569	0.0382263923	-0.0282484953	0.0027826173	0.030427030499999997	0.030898971400000006	-0.0099725249	-0.0362145053	0.0810024993	-0.1209051993	0.111817487	0.1052787956	-0.0695091671	0.0832137771	0.0110806919	0.0093386283	0.046136808099999996	-0.0412795945	0.0520424783	-0.025569899500000003	0.0736087187	-0.0280370948	0.1064114709	-0.0262537602	0.023242392200000003	-0.0383463312	0.0033214434999999996	-0.0330814829	-0.1490061493	-0.100033024	-0.0951959713	0.0217958195	0.0553583842	0.0462409902	-0.0738936234	0.0389156468	-0.0642844758	0.0213598014	0.016919811	-0.09991627130000001	-0.0839297577	-0.1424642606	-0.0698979462	0.0178071866	0.0176011417	-0.0296772406	0.047097033200000006	0.045040185700000006	0.0432148325	0.0084606761	0.0436809025	0.012509063700000001	0.131794975	-0.0692483561	-0.0687420081	-0.0322797125	0.0462784837	-0.0894450039	0.0352229476	-0.0056077802	0.027409401	-0.029187727099999998	0.1212261724	-0.0095072716	0.0140448491	-0.1347998417	-0.033586509	-0.0559387479	-0.0625857917	0.0714238499	-0.030955035099999997	-0.153374669	0.050950931100000006	0.014547953600000003	0.0096503137	-0.0514658557	0.042652565700000006	0.0420786349	-0.0020130784	0.08704252679999999	0.0222114296	-0.0158037421	0.060039793099999995	-0.0426740123	0.13445568119999998	-0.0800622433	-0.0132911884	-0.0526454684	-0.050366460300000006	0.0791992721	0.05921627610000001	-0.025070222799999996	0.0058172715	-0.004708670999999999	-0.009304958299999999	0.0618600722	-0.0577425558	0.0533867487	0.0655658095	-0.0015231957	0.032877438599999996	-0.0383685383	-0.0518734963	0.0244354858	0.0020589936	0.1163873144	0.040948547	-0.0356167338	0.0834961396	-0.053398598	-0.1057518094	0.0630275622	0.1279896116	0.0295677536	0.1277519335	0.0674426755	0.12298396119999999	0.1164420323	-0.0220116188	-0.0680766825	0.0355473854	0.0237967461	0.09473187890000001	0.04316801	-0.0206098639	-0.047106576500000004	-0.025628127200000003	-0.018367003	-0.0895153034	-0.0179708475	-0.028876680099999996	-0.1158176784	-0.0211580941	0.064723382	-0.0804694282	0.0415278464	0.0100549752	-0.0585770229	0.0892679943	0.0	0.0	0.0	0.00445762	-0.0008066599999999997	1.98703760644e-05	6.507003555999997e-07	0.0548965	-0.0125262	0.00301362571225	0.00015690568644000002	0.126223	-0.016000999999999987	0.015932245729	0.0002560320009999996	-8.17608e-05	0.00028917419999999997	6.684828416640001e-09	8.362171794564002e-08	-0.0008765929999999997	8.137300000000035e-05	6.621565129000059e-09	7.684152876489995e-07	0.00017464999999999996	0.000322241	1.0383926208099998e-07	3.050262249999998e-08	0.0	0.0
4518.582944538955	0.8378087222545219	20417591.826678336	0.7019234550857545	4770.502321947703	31.90764682943063	1018.0979261916748	22757692.40370843	4708.151647490443	-3.0237379175632673	9.14299099410984	22166691.935766973	4696.888322176523	3725.6589038842094	0.953079	13.935046	0.04735865	0.0271789	0.024370695699999997	0.0736819318	-0.0075418477	0.0411868364	0.05808515860000001	0.010603881200000002	0.1277418712	0.022670962200000002	0.0775585554	-0.015491633000000001	-0.0079013197	-0.0418579064	-0.0284914873	0.049287780499999996	0.055972949400000006	-0.0659393338	0.0419053442	0.027568009100000002	-0.1363156709	-0.08328908980000001	-0.0788822299	0.0756513471	-0.0599236837	-0.130349137	-0.0004896953	0.0473989333	0.1101395465	-0.0097098292	-0.0493581509	0.0060183961	0.1718228073	0.042891317199999994	-0.0304714529	-0.147898811	0.07651814259999999	-0.0315740739	0.043503092	-0.0217252413	-0.0389745059	-0.0273320093	-0.070566179	-0.024752603999999997	0.045032847599999995	-0.005196937800000001	-0.033252275	-0.009064934399999999	-0.1357107147	0.012755409399999999	0.0791986848	0.1297188715	-0.015251883700000001	0.0377238383	0.008535589	-0.0707262539	-0.12404266539999999	0.0482679289	-0.0218395076	0.0780198302	0.059621003600000014	-0.0703819547	-0.0214261309	0.0828513996	-0.025341226600000002	0.051822939400000004	0.0896881901	-0.08402087650000001	0.10698157800000001	0.0127692306	-0.027861425899999997	-0.0024027962	-0.042988646900000003	-0.029683555499999997	-0.1190205644	-0.029163907599999997	0.16632570060000001	0.0531699343	-0.024964569199999998	-0.1189464644	0.024459416499999997	-0.042404026799999994	-0.032330452200000005	0.0051912058	0.0021536378	0.1425853019	-0.0278846814	-0.0125574001	0.0690614721	-0.0104416626	-0.0733030926	-0.03026022	0.0110806475	-0.0101070017	-0.0684235751	-0.0227946107	-0.0933709623	-0.021504499	0.0576491934	0.05795454980000001	-0.1633039746	-0.0873745978	-0.09980790269999999	-0.055872463600000005	0.0106959447	-0.1178114277	-0.012037588899999998	-0.1427225519	0.09621381609999999	-0.0072066077	0.07772816639999999	-0.068185538	-0.0009569839	-0.056337191200000004	-0.0279891352	-0.0713070792	-0.060593569000000014	0.10558146859999999	0.0160002401	0.0056048067	-0.026491523599999997	-0.0569676025	0.1973441889	-0.0423174576	-0.0158071775	-0.0082804586	0.0666938674	-0.0092211952	0.1004181185	-0.0102353338	-0.0765604004	0.0548432104	-0.0350199971	-0.0083084367	0.055549467000000005	-0.10300034960000001	0.10304360119999999	0.0628880015	0.010863804599999999	0.0959441336	-0.061063394699999995	-0.0382445456	0.09839353390000001	-0.0979219601	0.0007446566	-0.0439195789	0.0268251537	-0.1469770217	-0.014578631399999997	0.0842642775	0.089954034	-0.1372936893	-0.0967582726	-0.029488734500000002	0.0122787353	0.08917641890000001	-0.061025256500000014	0.0415276511	-0.0394397653	-0.06505614480000001	-0.0811736633	0.0439264932	0.0060402421999999996	-0.0542579362	0.08676444289999999	0.0	0.0	0.0	0.00788433	0.0034267100000000003	6.21626595489e-05	1.1742341424100005e-05	0.0738121	0.018915600000000005	0.005448226106410001	0.0003577999233600002	0.123957	-0.002266000000000004	0.015365337849	5.1347560000000195e-06	-4.2043e-05	3.97178e-05	1.7676138490000005e-09	1.57750363684e-09	-0.00122314	-0.0003465470000000002	1.2009482320900015e-07	1.4960714596e-06	0.000105908	-6.874199999999997e-05	4.7254625639999975e-09	1.1216504464e-08	0.0	0.0
4514.768467722535	-3.8144768164202105	20383134.31714169	14.550233383007267	4723.648840546608	-46.85348140109546	2195.2487194027967	22312858.368797313	4706.3783208354	-1.7733266550430926	3.144687425486324	22149996.89882944	4695.32663085287	3714.006310586343	0.935861	13.683301	0.032399810000000015	0.0156272	-0.0032906164000000003	0.0660279103	0.0296365663	0.055729395099999995	-0.0394368842	-0.0357184799	0.2161608306	-0.0245376917	-0.0019001087	-0.0346267356	-0.023297166600000002	-0.0586328858	0.0080698702	-0.0506229199	0.01439102	0.0481601045	-0.0017879602	-0.0123533164	-0.048687594	-0.0239066153	0.030239033	-0.056453059000000014	0.157444102	-0.0854668222	0.0745368434	0.039551688	0.0476074842	0.0377154936	0.06910713219999999	0.00287365	-0.0419481606	0.0043889844	-0.0639541453	0.0637189321	0.06767267469999999	0.1167422867	0.0187947518	-0.0743563341	-0.0557702521	-0.064223159	-0.1467314116	-0.0064282958999999995	0.08750850630000001	-0.0146920477	0.1054080872	-0.1172774333	0.08713975060000001	-0.0779479035	-0.0753253609	0.0931052381	-0.0034402276	-0.028797032799999997	0.0909764515	-0.007041854300000002	0.046216838200000006	0.0039516789	-0.026037246	0.0469921878	0.0039779299	-0.0394883677	-0.05694646690000001	0.042500333	0.0018126659	-0.0007028286000000001	0.1515714876	-0.07290524450000001	-0.0761227867	-0.0993471232	0.0906471008	-0.016852745	0.0395263643	0.0054180233	-0.0579613087	-0.0201034208	0.0136823117	0.0223506615	-0.027140641400000002	0.06963184389999999	0.0578239532	0.0181709964	0.0176110331	0.0886383342	-0.1130064953	0.10598529640000001	-0.0437254621	-0.0092035598	0.0681023129	-0.0156309868	0.0846744478	-0.0288015868	-0.0309570004	-0.0665659883	0.0607260992	0.0138029276	0.04452135980000002	-0.027012318900000002	0.0937227848	0.089791636	0.060126108399999996	0.0423256949	-0.009244414	-0.050618031699999996	0.0253282531	-0.0309241226	0.0177421461	0.0008695314	-0.0761831664	-0.01210444	0.0597334632	0.0293447423	0.051563171500000005	0.0653940494	-0.0124808559	-0.0021225859	-0.0342189927	0.1998755664	-0.0008531796	-0.0580817113	-0.0371761743	0.20168184949999998	-0.0462334018	0.0760257689	-0.004064464	-0.012802386	0.0047746489	-0.032925545099999995	0.0366239026	-0.0368435696	-0.0296153904	-0.020508104699999998	0.1247461522	0.053579320199999995	-0.0077351541000000015	-0.0919672757	0.1155563969	0.051601037599999997	-0.0942826285	-0.0021743567	-0.0075946347	-0.0098369471	0.0151621827	0.036199868999999996	0.1082263735	-0.1421175458	-0.0543427143	0.011245179499999999	-0.082805607	0.0324423259	0.0036487815999999996	-0.0625063256	0.0315279133	0.0308697587	0.0472930708	0.0491433404	-0.0045708607	0.10739055730000001	0.0076978278	-0.010731758899999999	-0.0818616429	0.0462899555	0.0020146242	-0.049765045	0.083826687	0.0	0.0	0.0	0.00283507	-0.00504926	8.037621904899999e-06	2.54950265476e-05	0.067411	-0.006401100000000007	0.004544242921	4.0974081210000094e-05	0.131303	0.0073460000000000044	0.017240477809	5.396371600000008e-05	-0.000185283	-0.00014324	3.4329790088999985e-08	2.05176976e-08	-0.00113623	8.690999999999994e-05	7.55334809999999e-09	1.2910186129e-06	6.3989e-05	-4.191899999999999e-05	1.7572025609999988e-09	4.094592121e-09	0.0	0.0
4507.3297967709805	-7.438670951554741	20316021.896859527	55.333825525504324	4785.748153198849	62.09931265224077	3856.3246318807505	22903385.38584619	4705.975076886313	-0.4032439490865727	0.16260568247493445	22146201.42427514	4693.295031171678	3676.326107745374	0.901455	13.18025	0.01814686	0.00928324	-0.049190202999999995	0.0581018564	0.045416944699999996	-0.0463874762	0.06454292980000001	0.1552526718	-0.0051393668	0.0745429877	0.10032485619999999	-0.0363035846	0.040013141099999996	-0.0262324391	-0.0232533221	0.041663312599999995	-0.0087282187	-0.046651910199999994	0.0224808483	0.0197101997	2.08725e-05	0.0546025911	-0.0799393491	0.1241620678	0.023136950899999998	-0.1136691546	0.0959312313	0.0731001655	0.061003014400000014	0.0472139494	0.0286983501	0.10708500900000001	0.1411338625	0.019575200900000003	-0.0257491163	0.059054642699999986	0.12167570679999999	0.09151839070000001	-0.0894926964	-0.1023724602	-0.0073475824	-0.1162223539	0.1562710345	0.051243291100000005	0.1162104909	0.0546993572	0.0015649313	-0.1168102939	-0.091076265	0.0666724301	0.0513297895	-0.052952319500000004	0.0055189128	0.011550013799999998	-0.0058829185	-0.0360420765	0.0031524464000000003	0.019825958	0.0553403078	0.0105072823	-0.0001162174	-0.0334148091	-0.15775426439999998	-0.0049758145	-0.049396217400000005	-0.063288768	-0.0320269948	0.0005993396	-0.17521305239999999	0.0292219098	-0.045242732	0.0315419947	-0.1004362582	0.004028487	0.051904455499999995	-0.0492852178	-0.0621658096	-0.014866888	-0.0082208408	0.0155463361	0.1088115652	0.0643361531	0.0021700768	0.0828261146	-0.1515756529	-0.0545917158	-0.0475974895	0.051542377800000004	0.0708636262	-0.0506736771	-0.0860786259	-0.0621074962	-0.0034564957	-0.09464735519999999	0.0201812348	-0.0116894545	0.0428897363	0.0713856316	0.18317382440000002	-0.0200916831	-0.1404477948	-0.041408246	0.042410722000000005	-0.0397019164	0.035471655299999995	0.019273261200000003	0.050647164	-0.042613907199999995	0.06811800059999999	0.0198545484	0.0802692978	-0.0171752831	0.1677276942	0.0494738208	-0.086478615	-0.1157248273	0.0362205076	-0.0542045801	-0.11505471710000001	-0.0247714019	-0.0349922537	0.0918461387	0.0867945781	-0.0735698927	0.0207608878	-0.0170354021	-0.12514762289999998	-0.12799840310000002	-0.0219883524	-0.0270356952	-0.0288399543	-0.006599932199999999	-0.0077309756	0.0699937234	-0.0450512663	-0.0450735721	-0.026819132599999997	0.1639046294	0.1079208509	-0.0746222232	0.09133613789999999	-0.0287811578	-0.061465980999999996	0.0554408121	0.0837247256	0.0674743203	-0.06388847639999999	0.10295062449999999	-0.0331431527	0.0854669979	0.0047980947	-0.005660114	0.027929114100000003	-0.0032788863	0.1563450958	-0.050740435599999995	-0.0183966933	0.0577632319	-0.0130665069	0.0596669695	-0.08253322910000001	0.048616340300000005	-0.0020146242	-0.045112741399999996	0.0804694282	0.0	0.0	0.0	0.00786274	0.00502767	6.18226803076e-05	2.5277465628899995e-05	0.06744249999999999	3.149999999998987e-05	0.00454849080625	9.922499999993616e-10	0.135096	0.003792999999999991	0.018250929216	1.438684899999993e-05	-5.1798e-05	0.00013348499999999995	2.683032804e-09	1.7818245224999992e-08	-0.00116947	-3.323999999999992e-05	1.1048975999999949e-09	1.3676600809e-06	4.48202e-05	-1.9168800000000002e-05	3.6744289343999987e-10	2.0088503280400003e-09	0.0	0.0
4504.850344959263	-2.4794518117178086	20293676.63047959	6.147681286630722	4731.160757400773	-54.587395798075704	2979.7837800157727	22383882.112369057	4704.243243234835	-1.731833651478155	2.9992477963921598	22129904.491520602	4691.978473419177	3642.030822888596	0.9572290000000002	13.995729	0.029269415000000007	0.0214783	-0.0850385359	0.047103644699999996	0.069621973	0.0448098184	-0.0589466674	0.0148016001	0.0934524006	0.09275438679999999	0.0336515202	-0.0434504254	0.1223188013	0.0035004117	-0.0111023448	0.0195942461	0.09584526560000001	0.16984231239999995	0.0290749537	-0.0764955186	0.12752835810000002	-0.0238618942	-0.1411023229	0.0182783763	0.0340378941	0.0150307956	-0.0610556035	0.0289850117	0.031723593599999995	-0.008832428	0.0429881833	-0.015048932	0.1129357877	-0.0412770184	0.0704928323	0.059294075	0.1068291868	0.0976505095	0.023669925699999997	0.05837743	-0.1168473151	-0.0388260962	-0.053094740700000004	0.0350550111	-0.082633281	-0.0375724461	0.017838151899999998	0.06700051530000001	0.036153500400000003	0.0240188117	-0.0498157697	-0.16325213759999999	0.0756373642	0.0025382779999999997	0.0103439433	0.0658640038	0.003210708	-0.0323314459	0.065065225	0.0826971681	-0.049861624199999996	-0.1721734085	-0.037438043500000004	0.026913071400000002	-0.0659665689	0.137628153	-0.0479747289	-0.0135321903	0.0507199758	0.0009261372	-0.0265576027	0.006113886999999999	-0.030453821800000006	0.0993981273	-0.032323326299999997	-0.1670430488	0.0580944568	-0.064140543	-0.08675242150000001	0.0459093217	-0.11057333039999999	-0.0030534026	-0.0160299396	0.0712533739	0.023596968599999997	0.1232600432	-0.0330998686	0.1193684553	-0.0161457134	-0.0375381131	0.0808748659	-0.0028273665	-0.1477683695	0.11023400929999999	-0.0805447225	-0.0723599499	-0.0212430844	0.0393136785	0.08643637130000001	-0.09525131279999999	0.015425302	-0.0148018089	-0.0115109996	0.09285655	0.0496601329	-0.0182546364	0.09453448140000001	-0.0972350669	0.0207011039	-0.0356641662	0.059365417699999985	-0.0779461894	0.0012486657000000002	0.13696599310000002	-0.10302756390000001	-0.0395144564	-0.0214496665	0.062639392	0.0380491398	-0.0186920139	-0.0657639921	-0.059052561399999995	-0.13513349289999999	0.0459476114	-0.0499941411	-0.09709169220000001	0.0042644346	-0.08817763099999999	-0.1229416155	0.0973836565	0.0507934383	0.015110357900000001	0.044683584400000004	0.057487566	-0.0815260837	-0.0368393354	-0.018229021499999998	0.0171572999	0.05125549769999999	-0.0447375115	-0.1302303285	0.034203319700000005	-0.0496674849	-0.034779308599999996	-0.09135071550000001	0.0100325088	-0.08807950939999999	0.036044989900000005	0.049718567199999994	0.0471623916	0.0506676428	-0.08876104929999999	-0.048059709400000004	0.0182853083	0.0330334064	0.14475102	-0.0362039676	0.0370459829	0.0706287796	-0.1230175157	-0.0831882876	0.050903784	-0.0060402421999999996	-0.0403159281	0.07670946769999999	0.0	0.0	0.0	0.00775812	-0.00010461999999999971	6.0188425934400015e-05	1.094534439999994e-08	0.0674389	-3.599999999992498e-06	0.00454800523321	1.2959999999945984e-11	0.143401	0.008305000000000007	0.020563846801	6.897302500000011e-05	-5.1798e-05	0.0	2.683032804e-09	0.0	-0.000786073	0.000383397	1.4699325960899994e-07	6.17910761329e-07	1.10933e-05	-3.3726900000000004e-05	1.1375037836100002e-09	1.2306130488999998e-10	0.0	0.0
4507.071276156241	2.2209311969781997	20313691.488352645	4.932535381711017	4753.519509922375	22.358752521601676	499.91381432222914	22595947.73121265	4701.477264884875	-2.765978349960278	7.650636232448982	22103888.47222936	4689.925686799263	3682.085498025858	0.959191	14.024411	0.04515769499999999	0.0299387	-0.0553572085	-0.0125225619	0.05049248480000002	-0.0617847618	-0.028575131400000002	0.0798172079	-0.0448820017	0.0876226552	-0.0091558636	-0.044648846799999996	0.09281215609999999	0.0963711676	0.0086485428	-0.09180479679999999	0.0492460285	-0.0087712386	0.0031669646999999998	-0.030898479399999998	-0.0636782226	0.0028001804	0.0779619276	0.0594473625	0.05380742769999999	-0.0238727993	0.0097849576	-0.0209462019	-0.07337723809999999	-0.012220856	-0.0985655094	0.0050304567	-0.0144736453	-0.038205317	-0.0418010237	-0.053377407599999996	-0.0352772161	-0.1040736932	0.0880083384	-0.0477119998	-0.0398052457	-0.09257863460000001	0.1087642766	-0.021048245	-0.1050465215	0.0797248802	0.0546765288	-0.0611104658	0.0091339958	0.0720450265	0.0257956262	-0.005824992199999999	0.0115985413	-0.0510618852	0.0096396547	-0.05647321	-0.007691823	-0.0470205057	-0.05273224940000002	-0.0102701587	0.0650067458	-0.020991743599999998	-0.0322876639	0.0673537328	0.014159595	0.0087288157	0.0258741679	0.17524569210000002	-0.07131313339999999	-0.1241210404	-0.0578415537	0.006837810600000001	0.09827224039999999	-0.061688302	-0.0224840526	-0.0553957096	-0.0025574037	-0.0556386209	0.0690051308	0.0001931024	-0.0438789613	-0.0327793753	0.0417556142	0.0928605782	-0.065696702	0.050606401399999994	-0.0238028081	0.11053982400000001	-0.08253617469999999	-0.006559920699999999	0.0509606559	-0.1009752	0.0343480905	-0.0436696527	0.0598055778	0.017672602	0.0038307215	-0.0931824469	-0.0144573902	-0.013711896299999998	0.0032281906	0.0212332934	-0.056038444900000005	-0.0258888463	0.0009658641999999999	0.034475883799999996	-0.0700272234	0.0097557446	0.0281435731	-0.0649705235	-0.040437577999999995	0.021362030299999998	-0.0416825616	-0.0423830154	0.0419112067	-0.1484290047	0.0735233286	-0.050162149	0.0521091255	-0.0554769207	-0.0932977358	-0.037852408	-0.016215303	-0.070804584	0.0383852601	-0.0177198092	-0.0731770595	-0.0227359804	0.0504728768	-0.0637296349	-0.0297049625	0.029449901400000002	-0.0644545037	-0.0388956317	-0.0493364513	-0.0793839537	0.0218787227	-0.0415413401	-0.052236604400000004	-0.07469844769999999	-0.0475579391	-0.085539074	-0.09315636470000001	0.0445738563	0.030028895400000002	-0.003448715	-0.1046889268	-0.0521241801	0.0792845535	-0.058580997999999995	-0.040191610600000004	0.0068727658	0.0658706635	-0.0040125262	0.053725468600000006	0.0164120603	-0.09501198640000001	-0.0239654535	0.0651070089	0.0708192656	-0.083826687	0.0531504546	-0.0100549752	-0.035389970699999995	0.0725656218	0.0	0.0	0.0	0.007767719999999999	9.5999999999985e-06	6.0337473998399974e-05	9.215999999997115e-11	0.0502834	-0.017155499999999997	0.00252842031556	0.00029431118024999983	0.119192	-0.024208999999999998	0.014206732864	0.0005860756809999997	-5.1798e-05	0.0	2.683032804e-09	0.0	-0.000786073	0.0	0.0	6.17910761329e-07	-6.457860000000002e-05	-7.567190000000002e-05	5.726236449610004e-09	4.1703955779600015e-09	0.0	0.0
4512.425521826908	5.3542456706672965	20361984.09003484	28.66794670185949	4765.76237441193	12.242864489555359	149.88773090961558	22712491.00936044	4703.152295280135	1.6750303952603645	2.8057268250460927	22119641.512598805	4692.808904799155	3755.3786564469897	1.115115	16.304185999999998	0.06834173499999999	0.0367581	0.0418053916	-0.0858172027	-0.0376793094	0.0093470758	-0.0547053019	-0.0331819279	-0.0491533046	0.0054214423	-0.0627247554	-0.053359261799999995	0.0027136193	0.1024544483	0.0040253341	-0.0426597017	-0.09207015199999999	0.0307331924	-0.0679016986	-0.0224317745	0.046218711600000004	0.0022507522	0.0539233685	0.0087834037	0.0474691742	-0.0123107087	-0.12100668869999999	-0.0897907192	-0.067959096	0.0491000766	0.044470738200000005	0.035185567599999995	-0.0050370786	0.0966400525	-0.0844703205	-0.1478633433	-0.0717306335	-0.0843738545	-0.0381384075	-0.011023396599999999	-0.0067750970999999995	0.0027706281	-0.0046383734000000005	0.0580340874	-0.022517970499999998	0.0139021499	-0.0083045106	-0.1506927391	0.0537055311	-0.1197534403	-0.0029538259	-0.062006948799999996	-0.021341342200000002	-0.0332176277	0.048101640099999995	-0.0700123144	0.10884617880000001	-0.0669875034	-0.0864939194	0.07176605900000001	0.0064037125	-0.0772476117	0.045125640999999994	0.0545197828	-0.0417189131	0.017114919	-0.0084022265	0.053793160599999994	-0.0422819944	0.158601923	0.12848880140000002	0.1417848096	0.1085952959	-0.030968056299999998	-0.0360974996	-0.0276667965	0.0008794762	0.0592429654	-0.033023247799999995	-0.1190149326	0.0735956992	-0.1004369282	-0.0126928331	0.0538842499	0.0616096083	0.0619033039	-0.0389562939	0.0030240689000000003	-0.11583069230000001	-0.0004085496	0.028537233999999998	0.0553501976	0.023668950499999997	0.0595944594	0.0477517446	0.0644111238	0.0387525659	-0.0354218492	-0.0101187315	-0.0250833294	0.0118168721	0.1248789375	-0.0941920957	0.0010445804	-0.028072481899999998	0.0356947657	0.042799211399999995	-0.0350266214	-0.0436279791	0.0419843443	-0.010785638899999998	0.0816032429	0.032171410299999995	-0.17027850690000002	0.0801637759	-0.0174079795	-0.038566294	-0.06399750679999999	0.0510478796	-0.0842828829	-0.11437717189999999	0.0954285259	-0.0714573729	-0.0791623076	-0.0267787096	0.07591361769999999	0.0169127199	-0.0229761296	-0.0644230986	-0.0748768675	0.0175537402	-0.0280874048	0.08920063539999999	-0.0671331936	-0.0316408195	-0.0112829607	0.0449441484	-0.0040719484	0.08041081580000001	0.0712026221	0.05560719150000002	-0.16798868079999998	-0.0773186722	0.0246647705	-0.1159671699	-0.0797122021	0.021983696	-0.1495909541	-0.009006941800000001	0.055879589400000006	-0.0515930474	0.107882735	-0.1114271582	-0.0857853703	0.0081879864	-0.0230507546	-0.0646039273	0.0350635724	-0.0037109823	-0.10693505240000001	-0.08444829960000001	0.0553545524	-0.014051588600000001	-0.0303506486	0.0680586279	0.0	0.0	0.0	0.00779579	2.807000000000157e-05	6.07743417241e-05	7.879249000000879e-10	0.0673757	0.017092299999999998	0.00453948495049	0.00029214671928999987	0.142065	0.02287299999999999	0.020182464225000002	0.0005231741289999995	-0.000471036	-0.00041923800000000005	2.21874913296e-07	1.7576050064400002e-07	-0.000786073	0.0	0.0	6.17910761329e-07	8.315069999999997e-05	0.00014772929999999995	2.1823946078489994e-08	6.914038910489994e-09	0.0	0.0
4520.08571533934	7.660193512431762	20431174.874014754	58.67856464790163	4731.26575623859	-34.49661817333981	1190.0166653971985	22384875.65615592	4704.971700618282	1.81940533814668	3.310235784476636	22136758.703618888	4695.087501397902	3751.950385388153	0.906803	13.258446	0.064557425	0.03574	0.0715096821	-0.0106356477	-0.07050894190000001	-0.04738894900000002	-0.0775294604	0.0069622406999999996	-0.074698712	-0.1106789973	-0.0780669704	-0.0443701241	-0.09433154710000001	0.0712036055	0.0935314909	-0.0317097744	-0.0335721284	0.0211476124	0.0109155957	0.0983440826	-0.1107193038	-0.0815310753	-0.0089765687	0.0348289343	0.0930735815	-0.0336061348	0.0085064025	0.0105983802	-0.0015412601	0.044068978099999996	0.0690095505	-0.0173765552	0.08769405220000001	-0.026174146800000003	0.0540686204	-0.0727637396	-0.0784106462	-0.006716208100000001	-0.0322791497	-0.0377226098	0.0527901687	0.057596306500000014	-0.0308663177	0.0352143884	-0.1366972216	0.0108687427	0.057597940199999996	0.0037398123	0.0364440282	-0.0759935637	-0.19260972780000002	0.0175173851	-0.0956507293	0.0176445306	0.0398631273	0.148905641	-0.0821824569	-0.052737775099999995	0.0600458272	-0.0429362581	-0.0649655165	0.006941915999999999	-0.0208743197	-0.0084740987	0.0697787728	-0.0230843057	0.0345504201	0.0628354927	0.025567492799999997	0.0735067675	0.0906879576	-0.08569319289999999	-0.075906695	0.0117214127	-0.0350734548	-0.041951538600000005	-0.1047292417	0.012864334199999999	0.029432148199999997	0.0636754635	-0.0351670654	0.10800361550000001	0.0920803834	0.0280018837	0.045261375	0.0633920199	-0.0376319723	-0.0797934684	-0.092877347	0.1058030274	0.021057369399999998	-0.00586105	0.0342215991	-0.1208863515	-0.006214585600000001	0.0280093646	-0.0444009982	-0.055964561100000004	0.1026443568	0.0687401703	0.0050642145	0.0379161531	0.0044669802	-0.0304936769	-0.0036520136999999998	-0.0084698921	0.0653679937	-0.0746679874	0.0896489932	0.058440374	-0.0084965344	0.0407640263	-0.0063555175	-0.01542787	0.0731360379	0.0948227957	-0.056093811900000005	-0.0177873566	0.032461770099999995	-0.0224385663	-0.09004196269999999	-0.013438273700000001	-0.0886479107	0.0339099144	-0.0472528079	0.0072913343000000005	-0.0184094604	0.1527771043	0.0233798633	0.1636518766	-0.0621853179	-0.07260708540000001	0.0513095225	0.094987788	-0.0002034313	-0.0223198192	-0.08272155099999999	-0.1005350106	-0.0308373258	-0.0699749036	0.0021541295	-0.0490238053	0.0090704754	-0.05720194610000001	-0.042603965300000005	-0.042878574800000006	0.0856413195	0.07248063219999999	-0.0777659769	-0.021257377400000003	0.0509220309	0.0097786387	0.1047798201	0.0196666223	0.1269915454	0.0453174317	0.0545999691	-0.0335472201	-0.05404640980000002	-0.0035409845000000002	-0.0850530009	0.057514311900000004	-0.0180228799	-0.0252141042	0.0632110411	0.0	0.0	0.0	0.0102292	0.0024334100000000004	0.00010463653264	5.921484228100002e-06	0.06384540000000001	-0.0035302999999999867	0.0040762351011600015	1.2463018089999905e-05	0.12598199999999998	-0.016083000000000014	0.015871464323999995	0.0002586628890000005	-5.1798e-05	0.00041923800000000005	2.683032804e-09	1.7576050064400002e-07	-0.00119405	-0.0004079770000000001	1.6644523252900008e-07	1.4257554025000003e-06	0.00010615	2.299930000000004e-05	5.289678004900016e-10	1.1267822500000002e-08	0.0	0.0
4528.845213057666	8.759497718326203	20510438.963835336	76.72880027736194	4822.101750818166	90.83599457957553	8251.177911260675	23252665.29524362	4713.886557491225	8.914856872943345	79.47467306506522	22220726.476896472	4703.524526869224	3824.993935197677	0.925704	13.53479	0.052564295	0.0326419	0.1212260709	0.00011220260000000001	-0.0248213374	-0.0218805174	0.00011040239999999999	-0.0653207116	-0.1260343541	-0.0231593238	0.09104095300000001	0.0505324884	-0.055397515300000005	0.0027172172999999997	0.0661781808	0.0766025183	0.0116737255	-0.0189029908	0.0179443106	0.0544884125	0.0982523889	-0.0053852292	0.0669480333	0.0798407998	0.0549951376	-0.0497922004	0.053609165099999995	-0.0255926002	-0.14593833779999998	-0.1384356172	0.1266491523	0.029676646600000002	-0.08033211230000001	-0.0039635553	0.0296990306	0.047390134699999996	-0.057623981399999996	-0.1081553575	-0.035592984700000004	0.1391872945	0.0319334119	0.0655598061	0.012588631000000001	0.045831481900000005	-0.0218993193	-0.07747693309999999	-0.0003537429	0.0083104461	-0.09757711460000001	-0.0315472826	-0.0064428131999999996	0.1037397095	-0.0773452011	-0.0142339378	-0.004421867	0.0168264826	0.04559244639999999	0.0313990127	0.1168690047	-0.026905807799999997	0.10787480470000001	-0.036963526000000003	0.05463079269999999	0.0649216713	0.0194493654	0.0034583148	0.043983086399999996	-0.03318814	0.0184730389	-0.072511398	-0.0293103069	0.1079554576	-0.1680142023	0.0677382755	-0.0377555982	-0.034927276800000004	-0.0027546079	-0.0127362411	0.023187504700000004	-0.0583532606	0.056327015	0.1504441622	-0.0001109584	0.0755998732	-0.11263446029999999	0.0469524452	0.044660252000000004	-0.0787989534	-0.0071466264	0.0659105331	-0.09650104710000001	0.0253085817	-0.0432550668	0.027620510499999997	-0.037199075899999996	-0.030467275099999996	0.11897583939999999	-0.0720028179	-0.0134039291	-0.0219465354	-0.0023411508	0.067983841	-0.0224871002	-0.0689326356	0.0756836563	0.1873917127	0.055152083399999996	0.0175224015	-0.10495741800000001	0.1303914165	-0.0618715688	-0.029586513999999998	-0.157837363	-0.011497768	-0.0026340836	0.08896097060000001	-0.0288045446	-0.0818883995	-0.0521736897	0.015292822	0.018722584	-0.035075888	0.060314574100000004	0.0144540054	-0.054224504800000004	0.0732709358	0.0106350907	0.0242677391	0.050341925	0.0402565241	-0.1014560779	0.0193915742	-0.0229953466	0.0351955471	-0.1257146036	0.0466075259	0.0592924201	0.019671823	-0.0241789311	0.083955621	0.0058726763	-0.0402757156	0.026446587599999998	-0.109113436	0.0632378448	-0.0014362389000000001	-0.1178458659	0.0941962206	-0.07564001599999999	0.0802330989	0.051364432300000006	-0.0647883391	-0.0082465351	0.0799850507	0.1099848683	-0.08967505029999999	-0.0367577985	0.0728081959	-0.0367859715	-0.0818879586	-0.0856406697	0.0596280034	-0.0219616929	-0.0199967914	0.0580471204	0.0	0.0	0.0	0.0121324	0.0019031999999999988	0.00014719512975999998	3.622170239999996e-06	0.07553849999999998	0.01169309999999997	0.005706064982249997	0.00013672858760999928	0.13328000000000004	0.0072980000000000544	0.01776355840000001	5.32608040000008e-05	-0.000640916	-0.0005891179999999999	4.107733190559999e-07	3.4706001792399986e-07	-0.00121384	-1.979e-05	3.916441e-10	1.4734075456000003e-06	8.16581e-05	-2.44919e-05	5.998531656100001e-10	6.66804529561e-09	0.0	0.0
4525.85441433623	-2.9907987214364766	20483358.179766733	8.944876992146064	4815.624822508205	-6.4769283099603845	41.95060033236629	23190242.431157187	4722.43833209233	8.551774601104626	73.13284882809819	22301423.800414987	4711.885776253518	3822.7923121730296	0.9752900000000002	14.259794	0.05591587500000001	0.0348429	0.10095642880000001	-0.017544899699999998	0.0320290422	-0.013708816200000001	0.11023712849999999	-0.1346764079	-0.0361026668	-0.047844850599999995	-0.1079743239	0.18414783170000001	-0.026385677000000003	-0.0173620378	0.0540799472	-0.0387906877	0.0350144099	-0.0250186181	0.03700725	-0.0102552261	0.0025583779	-0.0588524787	-0.11353427279999999	-0.0600943346	-0.00022566619999999998	-0.080508888	0.1089705374	-0.1163842684	-0.09059626289999999	-0.0166698899	-0.0802993186	0.10310478619999999	-0.0822137288	0.0541278457	0.0371202266	0.1103140325	-0.055467244400000004	-0.0496959566	-0.062432687599999995	0.0101654485	0.0085880032	-0.0299530418	-0.0212084902	0.0491321605	-0.0143672422	0.0084071091	-0.022322588900000002	0.0863453809	-0.0388819766	0.0511872674	0.0326794916	0.09930861789999999	-0.0942076614	0.1022286999	-0.0449573907	-0.07031698139999999	-0.0147823477	0.1508241245	-0.0864834226	0.0702900878	0.0218161684	-0.0459130097	0.0096683223	-0.0193595268	0.0554944698	0.0329360854	-0.0085436754	0.055376574000000005	-0.0213486754	0.0012043863	0.119537885	0.0071596256	0.0338602965	-0.0044619716	0.2323823918	-0.0108402806	-0.08757123789999999	-0.11754626619999999	0.0160371751	0.09784912859999999	0.039000187	-0.057905216600000003	-0.0739424517	-0.047589058600000005	0.0808911749	0.0620468562	0.1781527591	-0.0417963106	0.0195270378	0.0666082408	0.056832201	-0.0204795017	-0.0047562007	0.0880400855	-0.0087904223	-0.0527866326	-0.075362174	0.0545745854	0.0845303717	0.0671167407	0.027464847400000002	-0.0207419166	-0.038409985	-0.160177439	-0.006289755699999999	0.10455388130000001	-0.037394708900000004	0.1399790786	0.0083432176	0.0405164214	-0.051542974400000004	0.052049115	0.0384114287	0.0112497659	-0.030192425800000002	0.0274234896	0.0897732014	0.0320330836	-0.08661579720000001	0.0156296037	0.0513491826	-0.1013667441	0.056595134299999995	-0.023585710899999997	0.0262962148	0.0026229725	0.025210922599999998	0.0467626645	0.057470210099999995	0.0317406829	-0.1524209806	0.0670767702	-0.0202621287	-0.0493765229	0.0915068089	0.10130003470000001	0.1064545744	-0.0044274099	0.1012034134	-0.0580344007	0.027707104700000002	-0.0807793713	-0.0673412536	0.012106262	-0.0995272606	-0.0087083276	-0.021949431000000002	0.1574638664	0.024694505099999996	-0.022907955299999998	-0.17547642489999998	0.1155595383	0.0523808759	0.0015805747	-0.0747470157	0.1560407571	-0.0083378238	0.01598048	-0.0328331622	0.0032195914	-0.0862111885	0.0616939336	-0.0258609294	-0.0147154228	0.0525927084	0.0	0.0	0.0	0.0078563	-0.0042761000000000006	6.172144969e-05	1.828503121e-05	0.0776343	0.0020958000000000226	0.00602708453649	4.3923776400000956e-06	0.125257	-0.00802300000000003	0.015689316049	6.436852900000048e-05	-5.1798e-05	0.0005891179999999999	2.683032804e-09	3.4706001792399986e-07	-0.00107052	0.00014332000000000017	2.0540622400000047e-08	1.1460130703999998e-06	-1.63234e-05	-9.798149999999999e-05	9.60037434225e-09	2.6645338756e-10	0.0	0.0
4513.203104478539	-12.651309857690649	20369002.262274724	160.05564111530057	4877.025142897259	61.400320389053384	3769.999343878404	23785374.244452026	4718.999664139115	-3.4386679532144626	11.82443729246414	22268957.830145083	4708.711324112222	3774.8623915016933	0.972112	14.213334	0.04544532999999999	0.0227945	0.0549881667	-0.0487386538	0.0121401046	0.0511014864	0.1795671832	-0.0350152693	-0.0467860605	-0.10523619460000001	0.0925977491	0.18077737230000002	-0.0400011864	-0.0301328875	0.0057055158	0.0390935859	-0.0609541247	0.12182473419999999	-0.0870556278	-0.1347776266	0.0157284159	0.0151556259	0.0654330652	-0.1280635375	0.07693650099999999	0.0063445598999999995	0.07970183019999999	0.0740146587	0.0830194461	-0.024224196200000003	0.084659844	0.1489840314	0.0254098825	-0.08667833289999999	-0.058021337199999995	-0.0701361237	0.0408890935	-0.0969447837	-0.0717514544	0.0579054541	-0.036273364599999997	0.0256470689	0.06747961870000001	0.009190621	0.0577961762	-0.0208225883	0.0536206791	-0.0301737671	-0.0990065338	0.0351330706	0.0374760533	-0.0400467596	0.0422693025	-0.0327865928	-0.0278485455	0.0176335931	0.0294485819	-0.1427532319	0.0094971818	-0.0856642222	-0.0580210279	-0.029085413100000002	-0.0577016907	0.1057229825	0.0330570584	-0.011500963500000001	0.0485967849	-0.0626041294	0.08702197490000001	0.059758111100000004	0.0071799609999999995	0.170252408	-0.08251974969999999	0.0134245444	-0.0147848896	0.1576571165	0.0707710205	0.0221613476	0.1867056174	0.0286977577	0.049285133499999995	-0.0655283911	0.017668271699999998	-0.0177760789	-0.0543917515	-0.0135168177	0.16819522539999998	-0.0649656576	0.0648146834	-0.0597295738	-0.0364427981	0.0376715902	-0.1563589807	0.0456725309	0.1495120513	0.0521621223	0.0581219446	0.025364812200000003	0.0512750858	0.1503953366	0.046471743499999996	-0.0533942674	0.029274287599999997	0.0806029132	-0.021029915	0.1083079783	0.1174886436	-0.0492030256	0.0781114191	-0.0274330939	0.0406623049	-0.021328747400000004	-0.0683600907	-0.09719993	-0.0714433964	-0.043505083	-0.0370958598	-0.054015538099999996	-0.0410868298	0.0324781363	-0.0702243608	0.0218294739	0.09749534929999999	0.0631679163	0.0092255791	0.0338478149	-0.0272354715	-0.0320547049	-0.0996698805	-0.1068854058	0.06915299700000001	0.0062722854	0.0003532978	0.0110964329	-0.1031369952	-0.0831339493	-0.059746658	-0.0201362234	-0.098860251	0.0057527742000000005	0.04867213559999999	-0.0093142016	0.029117172400000002	-0.07649503769999999	-0.0353430648	-0.025128863300000002	0.0045917154	-0.05632153030000001	-0.09576950109999999	0.1506700284	-0.0484456236	-0.0299188323	0.1487955418	-0.06831757769999999	-0.1975330582	-0.0546210834	-0.000357418	0.0508634309	-0.0190494758	0.010794943999999999	-0.08676444289999999	0.0637104479	-0.0297135627	-0.009386916300000001	0.046875101100000004	0.0	0.0	0.0	0.00782765	-2.8649999999999853e-05	6.127210452250001e-05	8.208224999999917e-10	0.08506389999999997	0.007429599999999967	0.007235867083209995	5.5198956159999514e-05	0.139433	0.014175999999999994	0.019441561489	0.00020095897599999984	-0.00015210899999999996	-0.00010031099999999997	2.3137147880999992e-08	1.0062296720999991e-08	-0.000786073	0.000284447	8.091009580899997e-08	6.17910761329e-07	7.51402e-05	9.14636e-05	8.36559012496e-09	5.646049656040001e-09	0.0	0.0
4497.9703634017815	-15.232741076757518	20231737.390040755	232.03640071153583	4775.719264203852	-101.30587869340708	10262.881057843308	22807494.49048778	4711.267764661933	-7.731899477182196	59.78226952525032	22196043.950342648	4700.723365123865	3682.068419541905	0.983886	14.385478	0.013684649999999996	0.00741801	-0.0180887404	-0.0150735185	-0.07163047	0.11284044210000001	0.0700581922	0.013954409	0.046655548600000006	0.021885908	-0.0162712536	0.074675538	-0.0293518177	-0.0194485187	-0.0608468108	0.0343520382	0.0417158389	0.0895848066	0.0019756092	-0.1087777583	0.0659979661	0.012488958999999999	0.035308487799999996	-0.1292136534	-0.0848347776	-0.0373627291	-0.0186266075	0.0341751708	0.0835144658	0.008590938499999999	-0.0276481366	0.0325100202	-0.1294242634	-0.042698583600000006	0.0444801696	-0.0238420351	-0.0855275134	0.0177664078	-0.0510521766	-0.009769938	0.1258250094	0.0490195571	0.0776830124	0.0549427671	0.0102523287	0.021006036699999998	0.0813435204	-0.0888667524	-0.07878750450000001	-0.0922696651	0.0370469726	-0.048968497199999995	-0.036441663799999996	0.0201774892	0.0584918479	0.1158626453	-0.0718511099	0.038049280299999995	-0.0038412028000000004	0.1169231895	0.10773540919999999	-0.1199393925	-0.0917716686	0.0484583499	0.082655043	-0.0166819805	-0.0561512706	0.0706488406	-0.06489017059999999	0.0533677309	0.0425038976	-0.0056730222	-0.0176946105	0.061074454000000014	0.0165447296	-0.0082025155	-0.026791301899999998	0.0837832097	-0.013609648899999998	0.0007605784	-0.1752385545	-0.0101081704	-0.0647630059	-0.016998654	0.043916685999999996	0.0364899995	0.0650598074	-0.043180438499999994	0.0434117782	-0.09631044230000001	0.0537698808	-0.036548617400000004	-0.1298939594	0.08952249849999999	0.049798101399999996	-0.0334665656	-0.011175706100000002	0.0832366837	-0.0504112992	0.07541593440000001	-0.0182104997	0.050895518	0.0549629878	0.0890577265	0.013490526899999999	-0.0668743364	-0.0012994783999999999	0.1652250803	0.011356775500000001	-0.0143835319	0.0414168721	0.0673583141	-0.0325470528	-0.019842581499999998	0.0715780947	0.0513446095	0.0121931134	-0.1370301793	-0.0699629074	0.049561485599999996	-0.09710485320000001	0.05356146480000002	0.0792167596	0.015162591999999999	-0.0091487234	0.0103775172	-0.0006331899	-0.049370614199999996	0.0335228085	0.1260675641	-0.0169055705	-0.0684350676	0.027947635	0.0361529135	-0.0772090672	-0.0656510732	0.0914374232	0.0015942795999999999	0.1051046435	-0.037528646	0.07448922200000001	-0.10710891689999999	-0.0327357648	0.0679216326	-0.0633471508	-0.0119647758	0.040579942	0.0053257288	-0.0548686156	0.0006687636	0.0741744338	-0.0181863007	-0.0523639669	-0.0510785642	-0.0417606481	0.0901190501	-0.0165703056	-0.15971813810000002	0.0656498599	-0.053485678700000004	-0.0873003222	0.06567593099999999	-0.0335126502	-0.0040283407	0.0409229116	0.0	0.0	0.0	0.00492289	-0.00290476	2.42348459521e-05	8.437630657600001e-06	0.08779149999999998	0.0027276000000000106	0.007707347472249997	7.439801760000058e-06	0.140154	0.0007209999999999994	0.019643143716	5.198409999999992e-07	-5.1798e-05	0.00010031099999999997	2.683032804e-09	1.0062296720999991e-08	-0.000786073	0.0	0.0	6.17910761329e-07	2.88254e-05	-4.631480000000001e-05	2.1450606990400005e-09	8.3090368516e-10	0.0	0.0
4493.853411531402	-4.1169518703791255	20194718.484332424	16.94929270301818	4745.581597783349	-30.137666420502683	908.278937273495	22520544.701219965	4701.89825985153	-9.369504810403667	87.78762039217749	22107847.24599484	4690.45439408772	3617.3300801756254	0.9662980000000002	14.128321	0.032953569999999995	0.019738	-0.06592386509999999	0.0510785758	-0.1478165414	0.0122205102	0.009799335	0.1477271354	0.0790544914	-0.0048552917	-0.0292279772	-0.0495333918	0.002445491	-0.0169924777	-0.0772049644	0.0869910881	0.00017885259999999998	-0.0020211017	-0.059635638899999996	-0.10274176019999999	-0.0147419629	-0.0160213421	0.14118723019999999	-0.1141237027	0.0538823496	0.0052273575	0.0107666047	0.032101286	0.0052816341	0.0303763748	0.0192432802	-0.0041332226	-0.0760225945	0.0419332142	0.024258541	0.0026608064	-0.0974287439	-0.0142273233	0.0557781465	-0.0117781732	0.035261599500000004	0.0188618433	0.0931230553	-0.1092501975	-0.029895494100000006	-0.0657555385	0.0049764957	-0.0021982621	-0.035692291699999996	-0.0656589006	0.06701096	0.0643582538	-0.1073086353	-0.0224249048	0.0156444296	0.111527813	-0.0263178191	-0.0456052837	-0.0904986585	0.00027367900000000003	-0.0179528707	0.0427254162	-0.03987872	-0.045808729000000006	0.006061886999999999	-0.0938480786	-0.090499204	0.0242440734	0.09654658630000001	-0.0061112839	0.0527677324	0.0003557801	-0.0363758831	-0.0112740841	0.044733736600000004	-0.0346625575	0.0245071918	0.0845072335	0.1085527956	0.0121126729	0.0834139249	-0.0612541935	-0.0737300043	0.0059075066	-0.004510402199999999	0.042021322400000005	-0.0645739366	-0.0054201504000000005	0.069584288	-0.1023168958	-0.0898613752	-0.0362617759	-0.0844617443	0.0091253964	0.0864915681	0.0535568538	0.008509435	-0.0602668899	-0.0694639247	0.083060788	0.1030203799	0.0833762127	0.027384784199999998	0.0471042229	6.5418e-06	-0.0059204736	-0.0371959681	0.0617111304	-0.0230077508	0.0556045059	0.0148582155	0.049831094400000005	-0.0381934955	-0.0252646557	0.0277560537	-0.0192597932	0.028690061200000002	-0.0822419286	0.0819733666	0.0188358316	0.0307576474	-0.0164705515	0.0994017123	-0.0028971303999999996	0.0174448312	0.0393739557	0.11986981109999999	0.0823027274	0.0738894045	0.023780229500000003	0.0403245699	-0.0865008007	0.07610543360000001	-0.0112703671	0.0520626524	-0.0766667658	-0.0328460642	-0.054133961200000004	0.0332910843	-0.0409546821	0.12416779609999999	0.0180232447	-0.0582573968	-0.057695802699999986	-0.0489244368	0.057501218300000004	-0.008760738	-0.00975576	-0.0361490988	-0.0363806894	-0.0227015019	-0.0805238093	0.054822295099999994	-0.10538136109999999	-0.0349153902	0.060864277	-0.0763172547	-0.0047104994	-0.0244607791	0.0376155815	-0.087818719	0.06758880860000001	-0.0372513456	0.0013431389	0.0347659273	0.0	0.0	0.0	0.00523153	0.0003086399999999998	2.73689061409e-05	9.525864959999988e-08	0.0909951	0.0032036000000000148	0.008280108224010001	1.0263052960000095e-05	0.14766399999999996	0.007509999999999961	0.021804656895999988	5.640009999999941e-05	-5.1798e-05	0.0	2.683032804e-09	0.0	-0.00111103	-0.0003249570000000001	1.0559705184900004e-07	1.2343876609000002e-06	0.000142495	0.00011366959999999999	1.292077796416e-08	2.0304825025e-08	0.0	0.0
4500.694325397692	6.840913866290066	20256249.41066699	46.798102525999695	4687.535240270875	-58.04635751247406	3369.379620465954	21972986.62878133	4695.245400354762	-6.652859496767633	44.26053948373128	22045329.36955255	4683.323229380292	3613.289423477933	1.0287210000000002	15.041019	0.05330366	0.0238983	-0.0848981486	0.0754322182	-0.053480932800000006	0.023146195699999997	-0.1553387437	-0.010787617900000001	0.0786197124	0.054000321500000004	-0.0197428656	-0.1653636844	0.0749624118	-0.038938211699999996	-0.0126628966	0.074090917	-0.012273563700000002	0.0685918715	-0.0036756994	-0.1022590236	-0.0183199719	-0.0402153584	0.0169892514	0.065818926	-0.11743852949999999	-0.0125700577	0.0583248591	-0.0146949445	0.0554496837	0.0240782641	-0.0515136792	-0.1293861556	0.0209404605	0.0604144263	0.027696919599999998	0.0604020142	0.0223208811	0.0254099286	-0.07694326280000001	-0.0281436129	0.0260603625	0.0463652971	-0.0029705804999999997	-0.0180912303	0.0040798577	0.0133633995	0.0295311958	-0.0329534624	-0.0038984628000000004	0.015042293100000001	0.01222616	0.0019587035999999998	0.091198914	-0.0045707273	-0.0539874963	-0.0173609743	0.0792624701	-0.0324103368	-0.11172159779999999	0.0090598373	-0.0900844964	-0.031003014500000002	0.1005741472	0.0411597259	0.1164549726	0.030558989300000002	-0.04340707	-0.050786531100000004	0.0096594592	0.0415257177	0.052072822000000005	0.0608113246	-0.0145275061	0.0191327559	0.1440807	0.016291267800000002	0.033064230800000004	0.06771882950000001	-0.0130947494	-0.0354702183	0.0541571993	-0.019021784	-0.0303499769	0.0608583396	-0.0394423201	-0.2061200859	-0.156451633	0.0906405842	-0.0153062456	-0.0221781107	0.0073271764000000005	0.059783601799999996	-0.09937968369999996	0.024731164700000002	0.0019154374	-0.0122107437	-0.102994654	-0.0396339494	-0.0088715865	-0.0448820796	-0.0940010325	-0.0301535371	0.0996785505	-0.0333693096	0.024504658	-0.0939235389	-0.0512760242	0.028655849599999998	-0.0208054978	0.020682383000000002	-0.034089073399999996	-0.0097325488	0.0698326248	-0.030393150499999997	-0.0766666689	0.0683215474	-0.0058068621	-0.0144261161	0.0510012662	0.06830421860000001	0.0015619869	-0.0105312406	0.0006527826000000001	0.0269330915	-0.0181772403	-0.0775630577	-0.022674730499999997	-0.026458806	-0.07272979019999999	-0.1345575723	0.0511500004	0.0794879928	0.0794288762	0.0222730969	0.0148422185	0.0341989651	-0.0165711545	-0.12443019820000001	0.0320888605	0.0216626393	0.0171011752	-0.060826144400000004	0.0170405255	0.0258396053	-0.0383274733	0.0197892322	0.0326375989	0.052565273899999994	-0.040867709700000004	0.0097516188	-0.1086741747	-0.0543770254	-0.0798549856	-0.0427614043	0.0095716394	-0.1000682732	-0.004724618	0.023634573399999997	0.08617915109999999	0.12151181130000001	-0.08831952960000003	0.0694475486	-0.0409229116	0.006710316	0.0284349602	0.0	0.0	0.0	0.007830989999999998	0.002599459999999998	6.132440438009996e-05	6.7571922915999885e-06	0.102931	0.0119359	0.010594790761	0.00014246570881	0.141729	-0.005934999999999968	0.020087109441	3.522422499999962e-05	-0.000319961	-0.00026816300000000003	1.02375041521e-07	7.191139456900003e-08	-0.000786073	0.0003249570000000001	1.0559705184900004e-07	6.17910761329e-07	7.894899999999999e-05	-6.3546e-05	4.038094116e-09	6.232944600999999e-09	0.0	0.0
4505.743440418047	5.049115020354293	20301723.950870253	25.493562488767328	4712.257966626774	24.722726355898885	611.2131984686574	22205375.144037496	4699.513410641268	4.268010286506069	18.215911805721614	22085426.296797127	4687.718311440784	3646.707700032419	0.8849090000000001	12.938326000000005	0.06557941	0.0381796	-0.0688517029	0.0550560777	0.0107758042	-0.0749431024	-0.08407413710000003	0.0601488629	0.0013007386999999999	0.0426345907	-0.0522168349	-0.0965355381	0.1025750767	0.0444259013	0.0321800946	0.028000196600000003	0.016466809	0.0032016609	0.032227463399999996	0.0337551295	-0.079975582	-0.0007672881	-0.0144285073	-0.037754542599999996	0.0102522418	-0.14733423910000001	0.024415589300000002	0.0406023948	-0.060826597300000014	-0.06000427570000001	0.0115372715	-0.0483743638	-0.0046200597	-0.014410908	0.0850700695	0.0143038179	0.0706210293	0.0975260065	-0.0017755121	-0.0270433723	-0.0788527019	0.0003050946	-0.015781599599999998	-0.0709089738	-0.0156657359	0.0248306064	0.0228892052	0.058214008899999996	-0.1269346156	-0.1712299971	0.008684068	-0.0062687968	-0.0208542123	0.0447642674	-0.025001089599999998	0.0035035226	-0.0344328336	-0.06432789	0.0900146975	0.2155295943	-0.0112445131	0.0801060851	0.0277150619	0.025685724700000002	0.0777756847	0.0150539156	-0.0873845646	0.0809789688	-0.0353640209	0.0177306955	-0.020167120900000002	0.07196510610000001	0.1197965232	-0.0207714051	0.0324517458	0.000902006	0.0015284741	-0.0328292722	0.0283069717	-0.0331597323	-0.0284447434	0.1284192393	0.0247893385	-0.0129129839	-0.0004958105	0.021530501299999998	-0.08096526230000001	0.1167048825	-0.0557044546	0.0199793698	-0.0099324889	-0.0525101442	-0.02492859	-0.1073143033	-0.008258628	-0.0179451463	-0.0348969681	0.026684894	0.0378989281	0.0814284171	-0.013636008600000001	0.038874872000000005	0.0368234335	-0.0566626658	0.10358651449999999	0.0276726571	-0.043546299000000004	0.0309388446	0.0066997037	-0.0340738632	0.0715430557	-0.066009097	0.0045829415	0.047700220300000006	-0.0528991162	-0.0162185593	0.0177840231	0.043597659500000004	0.06323658019999999	0.0441054804	0.017701571699999998	-0.0297322395	0.0198950317	0.0576934148	-0.2043038615	-0.058246766	0.10643492480000001	-0.0621864903	0.0934523511	0.0937325821	-0.1049724164	-0.0056902541	0.0824519146	-0.043739135199999994	-0.0658448923	-0.0209043968	-0.0850027486	-0.0841593166	0.07306864610000001	0.0718176479	0.0218713228	-0.0294994402	0.0244555516	0.110069969	-0.0370253466	0.0776303559	-0.043905137000000004	-0.0736457566	0.0326440961	-0.0212264405	-0.07771118219999999	0.12441372839999999	-0.0361330185	0.059876555	0.0770890913	-0.0095935531	-0.028545148700000002	-0.0693841842	-0.0384619973	0.0066533765000000005	-0.08880265359999999	0.0712506621	-0.0445207318	0.0120559979	0.0219616929	0.0	0.0	0.0	0.0079279	9.691000000000212e-05	6.285159840999999e-05	9.391548100000414e-09	0.0718733	-0.031057699999999994	0.00516577125289	0.0009645807292899996	0.146209	0.004480000000000012	0.021377071681	2.0070400000000105e-05	-0.000315248	4.712999999999994e-06	9.9381301504e-08	2.2212368999999943e-11	-0.00111075	-0.000324677	1.05415154329e-07	1.2337655625e-06	0.000348455	0.00026950600000000003	7.263348403600002e-08	1.2142088702500002e-07	0.0	0.0
4514.286441300985	8.543000882938031	20378782.07411391	72.98286408587998	4747.915571949698	35.6576053229237	1271.4648173653966	22542702.278362423	4704.299528753039	4.7861181117714295	22.906926579826518	22130434.056226067	4692.4832332557235	3710.389800852735	0.998004	14.5919	0.06858613	0.0363498	-0.0079403772	0.013320397099999999	0.029610338700000002	-0.07774865339999999	-0.049423454699999994	-0.0259057422	-0.0208234214	0.0670405782	0.0683319466	-0.0337332971	0.052579754299999996	-0.012274392	0.11697462410000001	-0.009653151899999999	-0.0836271375	-0.0173571201	-0.019623235	-0.0101056318	0.0607273484	-0.0974336604	-0.0477095508	0.0799864763	-0.0539778646	-0.0338423717	0.1483670463	0.08567626060000001	-0.0608322073	0.0145736793	-0.0249431063	0.1368755405	0.0602649001	-0.0187602246	0.0548530993	-0.0066427656	-0.0121802052	0.1070372839	-0.0180539421	-0.036629835	0.1336533083	-0.0445986729	0.00699473	-0.09154387300000001	-0.1267016168	-0.0029249008	-0.005632323000000001	0.0027719461	0.12028187359999999	-0.0153479026	-0.024426824700000002	-0.0326540886	-0.08458008619999999	-0.00358838	-0.0319854564	-0.039175431600000005	0.041958609400000006	-0.07374979870000001	-0.0382863159	-0.0053511638	0.0865897931	-0.0579429965	0.011561536499999999	-0.0397932498	-0.024562701	-0.006767423000000001	-0.1646391976	0.0144630596	0.1103757408	0.0648811557	0.0735970056	0.0492912161	-0.0506973768	0.0435541354	-0.0069440086	-0.055316384	0.0004997241	-0.034695099199999996	0.0015062594	-0.0502209997	0.0458270679	0.0350604386	-0.0085503036	-0.0242172578	0.0552462347	0.0932687577	-0.0276661055	0.06857908509999999	-0.020001258	0.1014762601	-0.0332855979	0.08805628830000001	-0.0024487134	0.0304415735	0.0391416513	-0.012461358300000001	0.0193223163	-0.05571081730000002	0.1494105469	0.0320569743	-0.1216326292	-0.0419020984	0.1106678624	0.007982036999999999	0.0082958075	0.1006980919	-0.0582705503	0.005432675200000001	0.0635646558	-0.0011913480999999999	0.0257049412	0.0507344725	0.095182738	0.0889952625	0.052541079000000004	0.1126451383	0.0902749994	-0.060674674299999995	0.07713947	-0.10213807119999999	0.0098320942	-0.0734452231	-0.0641458174	-0.020850082199999998	0.0618131903	0.0136385899	0.0354650021	0.022949118799999998	-0.063066985	-0.013783683400000002	-0.0028494635999999998	-0.0017064042000000002	-0.029057958300000002	-0.0757812108	-0.0722902024	-0.066968742	0.050694754	-0.0434799286	0.0714128817	0.0031999478	0.0307082859	0.0432867437	0.0130646634	-0.1085121526	-0.1275881486	0.0376018324	-0.0199593729	0.0110758573	0.006096103100000001	-0.0734492615	-0.0240872961	-0.031824024900000004	-0.0414199919	0.047061100599999996	0.0091864126	-0.021773979500000002	0.0201513532	0.0385635726	-0.0623922347	-0.2501592053	-0.0892679943	0.0729967048	-0.0480383225	0.0173630609	0.0153785204	0.0	0.0	0.0	0.00789771	-3.0189999999999384e-05	6.237382324410001e-05	9.114360999999628e-10	0.102891	0.031017700000000013	0.010586557881000002	0.0009620977132900006	0.147484	0.0012749999999999984	0.021751530255999997	1.625624999999996e-06	-0.000679098	-0.00036385	4.611740936040001e-07	1.3238682250000002e-07	-0.00120113	-9.037999999999992e-05	8.168544399999987e-09	1.4427132768999997e-06	7.74202e-05	-0.00027103479999999997	7.345986281104003e-08	5.99388736804e-09	0.0	0.0
4519.345408696495	5.058967395510081	20424482.92310609	25.593151108834054	4776.955250523307	29.039678573609308	843.3029316585437	22819301.46550219	4709.840286999171	5.5407582461321	30.700001942080863	22182595.52904044	4698.886588660962	3756.1850987056982	0.945412	13.822955	0.10784584	0.06139780000000001	0.01981894	-0.0038769958	0.0648666887	-0.0317318356	0.0092840486	-0.08984024800000001	0.027142966600000002	-0.0657422225	0.0210943171	0.061542080599999986	0.0282164983	0.0443228235	0.08752397960000001	-0.0424441891	-0.0212102809	-0.023662151	-0.0239109642	-0.0183266802	-0.034112591	0.012464382	-0.0184558598	0.0400354832	-0.0174162327	-0.0397686394	0.0725083098	0.06725301019999999	0.028181871600000002	0.0348577225	-0.0002970066	0.023305922799999997	-0.0130081929	-0.0522841463	0.0385455414	-0.0099652874	0.030023700299999997	0.1589675622	0.1274337185	0.0069366037	-0.0736531294	0.055259133700000004	-0.0526155552	0.0027247391	-0.0007635239999999999	0.056264253300000004	-0.1047345588	-0.044724425	-0.08210294809999999	-0.0694260905	0.0256594219	0.0720858663	-0.016766240800000002	-0.0614096221	-0.0103661269	0.0132469376	-0.0094918393	-0.1101365543	0.0931876325	0.0432510829	0.0338997717	-0.08882655519999999	0.0338782928	0.0020708429	-0.0508294965	0.0255774104	0.0798292367	0.050081870199999996	-0.0339175714	0.0556100474	-0.08404878630000001	-0.044784970099999995	0.012007853300000001	-0.09202345560000001	0.053482292300000005	-0.0082645225	-0.0628751751	-0.0380776243	-0.0494367435	0.0402083512	-0.0419432075	0.011062743100000001	0.0260544255	0.0444576636	0.08374910690000001	-0.0385553876	0.0674249163	0.0397617269	-0.027844326099999997	0.0680358852	0.013315811499999998	-0.0018090172	0.0151404099	-0.042320809	0.0536293991	0.0307174644	0.0082347749	-0.013960725700000001	0.0411296444	-0.0037721344	-0.06616798019999999	-0.0213739699	0.047502181399999996	0.0020522714	-0.0079462387	-0.0174742796	-0.0474379984	-0.0023084323999999997	0.0101293445	-0.06365001	0.16798241120000001	0.019298189099999998	-0.021943942799999998	0.130544739	0.0009646132000000001	0.0101768654	-0.033626161	0.09751189019999999	0.0452389725	0.0686085423	-0.023656772000000003	0.0029363058	0.043429160700000004	-0.0804652072	-0.1360753198	0.0339994481	0.0606030596	0.0141372735	0.015963333899999998	-0.026199978	-0.0227627491	-0.0039720751	-0.038453599500000005	0.0702528034	-0.1206627191	-0.0833545891	0.0064373051	0.0206337836	0.0231212365	0.0023324266	-0.094371441	-0.0218978093	-0.0631245346	0.023511201000000002	0.1260988562	0.0415235112	0.1248566376	0.0344587739	0.0964545369	-0.0182477016	-0.0012919231	0.0662977597	-0.0053839801000000005	0.0432758653	-0.0567120491	0.027755797000000002	0.0242315005	-0.045808460599999996	0.0188924034	-0.0325004357	-0.0897154585	0.07468427820000001	-0.051469345	0.022614504700000003	0.0087183875	0.0	0.0	0.0	0.007917409999999998	1.9699999999997494e-05	6.268538110809998e-05	3.8808999999990136e-10	0.069852	-0.03303900000000001	0.004879301904	0.0010915755210000007	0.12998800000000002	-0.017495999999999984	0.016896880144000006	0.00030611001599999946	0.000322342	0.00100144	1.03904364964e-07	1.0028820736000003e-06	-0.0013164	-0.00011527000000000022	1.3287172900000049e-08	1.7329089600000005e-06	0.000106533	2.9112799999999987e-05	8.475551238399996e-10	1.1349280088999998e-08	0.0	0.0
4518.648312775644	-0.6970959208510976	20418182.57455017	0.4859427228672398	4800.078994577581	23.12374405427454	534.7075390875971	23040758.35418493	4713.420667242639	3.5803802434675163	12.819122687812511	22216334.386390045	4702.870078205024	3794.421009139879	0.953201	13.936831	0.07605823500000003	0.0375765	0.0548690227	-0.06244951	0.059779901600000004	-0.0754006121	0.10166617439999999	-0.0255807756	0.00561084	-0.014258786499999999	-0.029726124700000002	0.0997617701	-0.024940122999999998	0.0726305168	0.0474276979	0.0372032721	0.0120891814	-0.0076019903	-0.0047752135	0.0751266186	-0.052096038600000005	0.0670361196	-0.0059137648	0.1290516759	0.0033515179	-0.025396162200000003	0.0434028243	0.0595371374	-0.0460563959	0.102182244	0.0735942253	0.0815672696	0.0199654217	-0.1147982238	0.0310764396	0.1427638076	0.0688028659	-0.0631673091	0.0157964133	0.0086500309	0.0251331425	0.06247698700000001	0.0101007573	0.0297401939	-0.0276551144	0.0465309604	-0.0356398308	0.0175866401	0.0366753264	-0.0420786116	0.047822621100000004	-0.0029564928999999997	0.0684189073	-0.0468880382	0.0872409865	-0.1541647558	0.01462785	0.09864076320000001	-0.0100309384	0.0285280499	-0.0770634777	0.0189749623	0.0546878083	0.0807072207	0.0863049072	-0.0907747567	-0.09834729589999999	-0.029607727900000002	0.0375609673	-0.09636556550000001	-0.0024875042000000003	-0.0128497908	0.0296117771	0.0036667161	-0.019746168999999997	0.053983290999999996	0.0053201425	-0.0235299936	-0.069528225	0.018183945	-0.062015425	-0.1594451581	0.0285951958	-0.043212681600000004	-0.0897370321	0.044039913099999994	0.10521951269999999	-0.0329139818	-0.0458282306	0.024891079700000002	-0.0617246211	-0.0683409731	-0.026668920699999998	-0.1061541067	-0.0110715498	0.050021903099999994	0.0802739021	0.0189438342	0.0634542013	-0.0325709432	-0.1377450001	0.026219499900000002	0.0184535259	-0.0125732339	-0.1372116019	0.1022678128	0.029204806	-0.0491123339	0.0071261662	0.0279969587	-0.1068756577	-0.048895098600000006	-0.011301008999999999	0.0874050483	0.0373121385	0.0112063108	0.0244120716	0.0037995006	-0.0592728198	0.0964481058	0.0115623751	-0.0352751191	-0.08239720269999999	-0.024836964399999998	-0.034334372099999996	-0.015282644	0.0222084599	-0.1370470794	0.0061419757999999994	-0.1496160486	-0.05816192980000001	-0.0021631073999999998	0.031215265	-0.015172595300000001	0.0759385404	0.0321783073	0.027659469199999998	-0.0510672678	-0.0377173285	0.09218629810000001	0.0574288757	0.0371757766	0.0579472533	0.011946643500000001	-0.0038474401	-0.025074944100000003	-0.043221807800000005	0.0078804158	0.06722726679999999	-0.031167613700000006	0.05007363980000002	0.0031173055	0.029493694700000007	-0.0163623548	-0.1130417939	0.1312805239	0.0006493759	0.0582884124	0.1283201624	0.0128121843	-0.0901449566	0.0763120305	-0.0548076162	0.0277935075	0.0020146242	0.0	0.0	0.0	-0.00211732	-0.01003473	4.483043982399998e-06	0.00010069580617289996	0.0812466	0.011394600000000005	0.00660101001156	0.00012983690916000011	0.14645999999999998	0.01647199999999996	0.021450531599999996	0.00027132678399999867	-0.000217613	-0.000539955	4.7355417769e-08	2.91551402025e-07	-0.00125027	6.613000000000018e-05	4.373176900000024e-09	1.5631750729e-06	-5.05201e-05	-0.0001570531	2.466567621961e-08	2.5522805040100003e-09	0.0	0.0
4510.630413814937	-8.017898960706589	20345786.73003231	64.2867037440998	4813.689843925563	13.610849347981455	185.25521997344725	23171609.91351211	4708.48854701137	-4.932120231268527	24.32580997568831	22169864.397337247	4699.674094060856	3746.7455766469952	0.910994	13.319717	0.025198695	0.0136813	0.0239768412	-0.0596862866	0.0051065471	0.1134138851	0.04630660019999999	-0.042401416100000006	-0.0534312833	0.0392495277	-0.016055472299999998	0.0457491368	-0.0420489241	0.0339128254	-0.0424339533	0.1785709959	-0.028319442099999998	0.0247190493	-0.10531289939999999	0.023090214300000002	-0.085721121	0.0014600527	0.0094809956	0.12072899179999999	-0.09175167699999999	-0.0001417596	0.0664683002	-0.012528153799999999	0.0148723439	0.08169941929999999	-0.068853974	-0.0019500017	-0.0106875516	-0.0134859667	0.0395342291	-0.017386231999999998	-0.0799530555	-0.0478694637	0.0577602063	0.0690833373	0.059978165099999994	0.008733418199999999	-0.0144151418	-0.044442673700000004	0.0387117218	-0.0188646484	0.0314756043	0.05870396820000001	-0.0726722964	-0.036563171	-0.0575448655	-0.0689529955	0.0446102223	0.10005672759999999	0.0202818652	-0.019379797	-0.0668903765	0.0958387931	-0.0416763895	0.0127381856	-0.1245271785	0.0068313048	0.0516114918	-0.1024714569	-0.1444978318	0.058036250899999996	0.1178723863	0.0474379592	0.11431162060000001	-0.0706788256	-0.0972491023	-0.0246467092	0.09938334970000001	-0.0244324918	-0.007843349	-0.0230840942	0.0259844758	-0.11001540060000001	0.07599612559999999	-0.0388147849	0.099925054	0.0034126735	-0.0803236135	-0.0512072328	0.067756079	0.018852048899999998	0.0502411302	-0.05737429	-0.0311849383	-0.0582724112	-0.0735909704	0.0444478651	-0.1033302844	-0.0251003894	-0.08495228519999999	0.11951799800000001	-0.060799841500000014	-0.0177514606	-0.0433930379	-0.0392618098	-0.12461641529999999	-0.045692511799999995	0.0302129343	-0.0723407118	-0.1071990892	-0.0530154901	-0.0799021345	-0.0282936433	0.0197899872	0.0386260399	-0.0104894922	0.0671352195	-0.0815693384	0.0031454551	0.0369027884	-0.0014340038	0.09177261630000001	-0.0120096685	0.011161613899999999	0.0445723256	0.0057483959	0.0093364485	0.048181343099999996	0.08900075869999999	-0.0598098991	-0.0917632941	0.0405327196	0.0251034367	-0.082477918	0.08902712300000001	-0.0038883563	-0.0196762289	-0.021968556400000002	0.0372025727	0.1486608586	0.05652973610000001	-0.0158943802	-0.0058726941	0.019926978300000002	-0.0082242358	-0.1044631132	0.0729442098	-0.049178600499999996	-0.1036940894	0.0215789663	-0.0401605994	-0.011884964	-0.1011968266	0.0754881389	-0.053159521900000006	-0.0392805293	0.0461566782	0.011036022099999999	0.08785366539999999	-0.06714363870000001	-0.026178903700000002	-0.1019054799	-0.018627128899999998	-0.11087950699999999	0.018332419699999998	-0.0905564026	0.077878658	-0.0580471204	0.032883479199999996	-0.004699221	0.0	0.0	0.0	0.007868389999999998	0.009985709999999998	6.191156119209996e-05	9.971440420409996e-05	0.07882919999999999	-0.002417400000000014	0.0062140427726399975	5.843822760000067e-06	0.137606	-0.008853999999999973	0.018935411236	7.839331599999953e-05	-0.000217613	0.0	4.7355417769e-08	0.0	-0.00119806	5.221000000000002e-05	2.725884100000002e-09	1.4353477635999996e-06	-2.38984e-05	2.6621700000000006e-05	7.087149108900002e-10	5.711335225600002e-10	0.0	0.0
4508.635880658422	-1.99453315651499	20327797.504360545	3.9781625124376494	4784.809163592078	-28.880680333484634	834.093696524926	22894398.73199472	4704.39124234381	-4.097304667559911	16.787905538808232	22131296.96104114	4694.343198029411	3713.423390024194	0.8664429999999999	12.668341	0.06406487999999998	0.0374854	0.0048427556	-0.0561270212	-0.0386497348	0.011649648899999998	0.0291006677	0.1039855142	0.043825134	-0.1518207055	0.0144014907	-0.0077203918	-0.014424540900000001	0.0656600742	-0.0831512635	0.06672837400000001	0.0388874961	0.0298338429	0.0014412748999999999	-0.11543497890000001	-0.0249540385	-0.0294030734	-0.0779985139	-0.13286614	0.0115254469	-0.0715744884	-0.0307044571	-0.0503095209	0.06637895	-0.11138220060000001	0.005714014200000001	0.0064193734	-0.0693189158	-0.10959603609999999	0.0258364011	0.0823602289	0.0506515666	-0.0260521956	0.0751479428	-0.10840077960000001	-0.0342709258	0.029036934900000002	-0.005047826599999999	-0.07235651230000001	-0.0207934251	-0.0192433817	-0.002626119	-0.0165679288	0.061570548600000004	-0.0022656360999999997	-0.0365349486	0.017985103	-0.0127256488	-0.038115862599999994	-0.0063601186	0.0470489778	0.0110013322	0.0933270601	0.1458061829	0.051032756	-0.051901798	0.026162537599999997	0.0492553458	-0.0022640125	-0.0612960616	-0.0957105311	0.0451855841	-0.0728911042	-0.0660111877	-0.0085494401	-0.1052954314	-0.1011360075	-0.0376955602	-0.0716347083	-0.0190879372	0.0232467642	-0.0888739111	-0.0103010841	0.1115928317	0.019012371299999997	0.022916479500000003	0.06678966480000001	-0.0598267042	-0.0900877959	0.020789596599999998	0.012818788400000001	-0.0050781188	-0.029072498199999998	-0.0336052374	-0.09816580529999999	-0.0276555058	-0.059797696	-0.0725151448	0.0345750508	0.048354145	-0.0219397629	-0.09294827859999999	0.0563400962	0.038418558900000004	0.0828639875	0.039416649500000005	0.0036686712	-0.0160585424	0.015580941999999999	0.0543714725	-0.0101471293	0.08349811509999999	0.1039696742	-0.0503131426	-0.11224169369999999	-0.0703188142	-0.09807397220000001	-0.024222721800000003	0.0709397914	0.0847257121	-0.0539535127	0.0484433223	0.0682065525	0.1275947155	0.0224353694	0.03657472	-0.0031547628999999996	-0.0433208842	-0.0265061659	-0.0066580501	0.04612105230000002	-0.015290508700000004	0.0055299278	0.024095947700000002	0.055693787599999996	-0.0176703023	0.0219305323	0.1074837501	0.0870389106	-0.014198233000000001	0.0802927128	-0.032731714	0.0949823048	-0.0061198112	0.0879720471	-0.0167477893	0.06487654849999999	0.057200608300000004	-0.0054299380000000005	0.13245583119999998	0.004951075399999999	0.073861447	0.0771974874	0.0113390256	-0.0257464406	0.0113429538	0.0543130275	0.1309590973	-0.027353618599999997	0.0765400527	-0.013571877	-0.0176630045	-0.0757416591	-0.12137378369999999	-0.0293394253	-0.0909497141	0.0793829058	-0.061182019800000015	0.0378681153	-0.011389549399999999	0.0	0.0	0.0	0.00779338	-7.500999999999775e-05	6.07367718244e-05	5.626500099999663e-09	0.0493457	-0.02948349999999999	0.00243499810849	0.0008692767722499994	0.144802	0.007195999999999979	0.020967619204	5.1782415999999706e-05	-0.000217613	0.0	4.7355417769e-08	0.0	-0.000786073	0.000411987	1.6973328816899992e-07	6.17910761329e-07	0.000110322	0.0001342204	1.801511577616e-08	1.2170943684e-08	0.0	0.0
4504.123173564576	-4.512707093846075	20287125.562641427	20.364525314848684	4796.8210306384335	12.011867046355293	144.2849499393162	23009491.999975163	4701.02483582461	-3.3664065192006087	11.33269285251636	22099634.5070398	4692.131474862659	3702.3238768604688	0.887501	12.976233	0.07958068000000003	0.0445533	0.00044572160000000004	-0.0401629757	-0.0610636366	0.09465220949999999	-0.0307346423	0.0412399181	-0.032236032799999995	0.005756702900000001	0.0666682495	-0.07185244980000001	-0.0384608315	-0.018010755700000002	0.046710006	0.133737704	-0.0110837237	-0.014081143899999999	0.0087776852	0.0087957461	0.0017681370000000001	0.08267619	0.0811405107	-0.062492980199999985	-0.031009275899999997	-0.0776876867	-0.010402166899999999	-0.0791322012	-0.029320020899999997	-0.037387358100000004	0.0337443656	-0.026424396	-0.03100906	-0.07286643200000001	-0.09154304529999999	-0.0376975972	0.0525296675	-0.023340708999999998	-0.010252831	-0.08087159740000001	0.0867065822	-0.0245013083	-0.09892415060000001	0.0265811077	-0.0442268802	0.1277809754	-0.060150576799999994	0.0222653272	-0.055269821	-0.025716749599999998	0.076431022	-0.0532658076	-0.0912540389	-0.058823621	-0.0068298868000000006	0.0596427625	0.0147891177	0.046348479000000005	-0.0322451141	-0.0591003293	-0.025045129500000003	0.0302036606	0.1309433425	0.17080239460000002	0.019253893600000002	0.0413208278	-0.1044114718	-0.05322132809999999	0.044154531100000005	0.017842112099999998	-0.0115185673	-0.0437884482	-0.0474416557	0.0632540287	0.029530077400000007	0.13749026949999998	-0.0379412563	-0.0429164999	0.0023544968	0.0585994684	-0.0726059424	-0.104027315	-0.0413359787	0.051116051399999994	-0.0585098271	0.0947751516	-0.0680479079	-0.0467257735	-0.0220171899	-0.0054507848	-0.088976456	0.0358580973	-0.0925191494	-0.055765538899999995	0.020489137	-0.0028810933	0.07986646730000001	0.06792271700000001	-0.11785242380000001	0.0514624334	-0.0072888389000000005	0.011683084199999999	-0.0195878435	-0.07906865610000001	0.0446793958	0.0036207961	0.0165195682	-0.0103880726	-0.0623376883	-0.10062456289999999	-0.0488843709	-0.018005956	0.0555444307	-0.0642560683	0.102546231	0.010740451000000002	0.045738319699999995	0.0762491311	-0.0779554003	0.0291652841	-0.0286783326	-0.14135221679999999	0.046769680099999995	-0.0679184385	-0.0604515266	0.07424756910000001	-0.0125787588	-0.0558615108	-0.0084295645	-0.0105675529	0.0690355612	-0.0497996608	0.0535927744	0.053565225099999995	0.0081647125	0.0254843196	0.0689632704	-0.0454951628	-0.0981079827	0.10276760689999999	0.062086415199999995	-0.0215720862	0.047056044299999995	0.0339963958	-0.0880996324	0.09545731539999999	0.08360350650000001	0.11924509800000001	-0.1471280199	-0.0102681202	-0.0007661233000000001	-0.025964880200000002	-0.0170434147	0.0537685324	-0.0569432329	0.0382535709	0.016657273400000002	-0.0126847774	0.15941384179999998	-0.0350448117	-0.0913248123	0.080823569	-0.064206665	0.0427314484	-0.0180228799	0.0	0.0	0.0	0.007930309999999998	0.00013692999999999778	6.288981669609996e-05	1.8749824899999392e-08	0.0870484	0.0377027	0.007577423942559999	0.00142149358729	0.151369	0.006567000000000017	0.022912574161	4.312548900000023e-05	-0.000420268	-0.000202655	1.7662519182400004e-07	4.1069049025000006e-08	-0.00122717	-0.0004410970000000001	1.945665634090001e-07	1.5059462089000004e-06	0.00017005099999999995	5.9728999999999977e-05	3.5675534409999958e-09	2.8917342600999992e-08	0.0	0.0
4496.8500247693255	-7.273148795250562	20221660.145267885	52.89869339785472	4751.956527222285	-44.864503416148175	2012.823666777572	22581090.83661048	4702.273767835665	1.2489320110553308	1.5598311682387132	22111378.587675426	4692.318223579871	3638.342433381872	0.891804	13.039147	0.07546291	0.0427306	-0.0510152041	-0.0137367109	-0.1133863185	0.086396419	-0.0405163293	0.0055581778	0.0610401969	0.0575999369	-0.07016459480000001	-0.0540034048	-0.0721191487	-0.023906068	0.022185298	-0.1228126972	0.0029571599	0.0813883507	0.0052139479	-0.1377678036	-0.1098085159	0.040507121	0.033309760099999995	0.045898655700000006	0.0850869693	-0.0478949871	0.0366276293	0.0029716321	-0.06646849070000001	-0.0865306182	0.013091086000000002	-0.1360463639	0.006575402199999999	0.021684764900000004	0.053300930700000006	-0.0034734119	0.0566601895	-0.0162247399	0.006151834100000001	0.0355679161	-0.020980850699999998	-0.004877994	0.048285685999999994	0.0210547037	0.0854653795	0.057929923499999994	-0.0729876267	0.0073045871	-0.0750655234	0.0534938329	-0.0271778229	-0.0336454216	-0.0242438975	0.0415210375	-0.0346875483	-0.0490559505	0.0851052885	0.06312890139999999	-0.0074131476	0.0565519288	-0.018647702	-0.012767259	0.1060726683	-0.0597969069	-0.0078765321	-0.0503712105	-0.1003362315	0.0291569834	0.0033871439000000003	-0.0308233047	0.085797994	-0.0572347291	0.038219809900000005	0.0890193949	0.016668901200000003	-0.1111390222	-0.08642011460000001	-0.012249516100000002	0.13435087699999998	-0.0327371701	-0.013118500600000001	-0.020319231200000003	-0.0879886078	0.0048310983	0.01872641	0.0153621247	-0.06257250610000001	-0.0519296997	0.019313628700000002	-0.0106197071	0.14242315349999998	-0.024936534399999998	-0.041309217599999996	-0.0430862005	0.15579191609999998	0.0181530827	-0.0607259292	-0.0746861293	0.0146662923	-0.029852031499999997	0.0270676608	0.009289950699999999	-0.0237658392	-0.0757229578	0.1031147823	0.036907533	-0.0580217927	-0.043341157000000005	-0.0095901019	0.007657551899999998	0.0373662128	-0.1124895361	-0.0607936925	-0.0285932738	-0.053964817000000005	-0.029232693799999997	0.0490196614	-0.0102817273	-0.06240687480000001	0.08646095029999999	0.0501600101	-0.026401630099999997	0.0221932583	-0.0688213967	-0.0713169525	-0.014260881100000001	-0.0765045649	0.021968550099999998	-0.0503921775	-0.0459304143	-0.0476632892	0.0213334634	0.0579361063	-0.0104196521	0.0146822028	0.09920486349999999	-1.516e-07	-0.0622998621	0.0828694307	0.0351497452	0.0616697101	0.10863598099999999	-0.1094175474	0.0841823339	-0.0869232626	-0.0774617045	-0.0766806362	0.08385261990000001	-0.0084415863	-0.10456760009999999	0.0053308709	-0.051601172800000004	0.0016997188	-0.0211337035	-0.0165767271	-0.1059860807	-0.0510287342	-0.0489675549	0.018151919	-0.1627156076	-0.09168162210000001	0.0821994937	-0.0671156055	0.0474578998	-0.0245660166	0.0	0.0	0.0	0.0078148	-0.00011550999999999749	6.107109904000001e-05	1.3342560099999422e-08	0.0711914	-0.015856999999999996	0.00506821543396	0.00025144444899999986	0.148715	-0.0026539999999999893	0.022116151225000002	7.043715999999945e-06	0.00025297	0.000673238	6.399382089999999e-08	4.5324940464400007e-07	-0.000786073	0.0004410970000000001	1.945665634090001e-07	6.17910761329e-07	0.000192444	2.2393000000000028e-05	5.014464490000014e-10	3.7034693136e-08	0.0	0.0
4495.676961093003	-1.173063676322272	20211111.338502426	1.376078388706724	4729.567775032737	-22.38875218954854	501.25622460501455	22368811.338628113	4701.552410859246	-0.7213569764189742	0.5203558874283245	22104595.07205639	4690.682274451444	3592.9399406598077	0.8766319999999999	12.817308	0.04435352999999997	0.0345364	-0.0742544112	0.0345499082	-0.149902032	0.031412977200000004	-0.0574919242	0.0544596861	0.0440355218	-0.0857345529	-0.0310658625	-0.0721228329	0.0030015540999999996	-0.0627607245	0.012800533000000001	-0.0323552562	0.0468096124	-0.0187363789	0.0700123363	-0.1267751632	0.0068491036	0.0856662532	0.023177972400000003	-0.078302963	-0.06001230110000001	-0.0419218903	0.07820443740000001	-0.0182028242	-0.049437709	-0.034819567999999995	-0.1173028138	0.0218650348	-0.006426275600000001	-0.0777877812	-0.0350052031	0.1156725148	-0.0747725688	0.0088327076	-0.074962945	-0.0747342191	-0.061544269900000004	-0.17570838960000001	0.056325715400000004	-0.0840570616	0.051400870300000005	-0.1168962626	-0.1385866383	0.0251998373	-0.0394599218	-0.022458703599999998	0.0125642171	0.0980260553	-0.0503248024	0.09453271199999999	-0.035313099900000006	0.0395177972	0.05644647940000001	0.1370215021	0.0810214866	-0.028073439199999998	0.0325562802	0.1576798015	-0.0209405881	-0.021620815499999998	0.0903801208	-0.005814720400000001	-0.028880574	-0.0123510738	0.1035530598	-0.0318322146	0.1135198029	-0.005951074399999999	0.0991053933	-0.0656119929	-0.0688253598	0.09236604710000001	-0.0032153894	0.1017659598	0.0537819324	-0.031082546699999998	-0.0068610393999999995	0.0161494314	0.056141129299999995	-0.0589627387	-0.1634401153	-0.0951317087	-0.08729334429999999	-0.013801622	0.0680863312	-0.0022030825	0.020511153100000002	-0.053611560999999995	-0.0394758968	0.0328630802	0.1152354269	-0.0842965203	-0.018049165	0.0539422929	-0.0599020889	0.016913416299999998	0.0212072565	-0.009565339300000001	0.0650677126	-0.06732106269999999	0.06610584530000001	0.0409359747	-0.0432246323	0.078143273	0.0847929227	-0.07841264349999999	-0.09609474050000001	0.0585934863	0.0203197406	0.071905115	-0.11862931619999999	-0.0914941193	0.0639826295	0.028920998399999998	-0.052600770199999994	-0.13162363800000002	0.1801214387	0.000167035	0.13568575130000002	-0.1043114459	0.0076104811	4.43226e-05	0.06757995230000001	0.0601660762	0.07868433849999999	0.0235406862	-0.0768784307	0.0032340206	0.0109374881	0.021029103700000003	-0.0159412048	0.1453934317	-0.020969608400000003	0.0052492382	-0.1102358002	0.048846594800000004	0.0533621689	0.0524915017	0.1671873427	0.044013361699999996	-0.0622142767	-0.0717724754	-0.0101502189	-0.1294690151	-0.0830654816	-0.1613653801	0.018648846	0.0392656292	0.0762786484	-0.0298821751	0.0114730409	-0.12036991359999999	0.10812492289999999	0.041445718900000005	0.0382655738	0.0165914769	-0.0920200721	0.08350957769999999	-0.0699035991	0.0520323292	-0.030986214900000007	0.0	0.0	0.0	0.00779002	-2.478000000000029e-05	6.06844116004e-05	6.140484000000142e-10	0.07423300000000001	0.003041600000000005	0.005510538289000001	9.251330560000034e-06	0.1553	0.00658499999999998	0.02411809	4.3362224999999734e-05	-0.000387903	-0.000640873	1.5046873740900007e-07	4.107182021290001e-07	-0.000786073	0.0	0.0	6.17910761329e-07	0.000139274	-5.3170000000000014e-05	2.827048900000001e-09	1.9397247076e-08	0.0	0.0
4498.680977697846	3.004016604842945	20238130.53910045	9.024115762172137	4700.882092540914	-28.685682491823172	822.8683800216905	22098292.44797184	4701.800925105198	0.2485142459518101	0.06175933044099679	22106931.93932009	4689.900083039438	3589.111732795453	0.935904	13.683936	0.08422619999999997	0.0413967	-0.0893749695	0.0728090379	-0.0968167076	-0.0074100547	-0.1036392955	-0.04740188730000002	0.10781425119999999	-0.0095383182	0.0170230096	-0.0550780891	0.0354357294	-0.03217409	-0.011527091000000001	-0.0441323555	0.1955467513	0.057433220099999995	-0.0088773038	-0.11627760599999999	0.1356044999	0.021033411499999998	0.0056843941	0.0373649739	0.072069986	0.0189647243	-0.0036487375	0.1501766522	-0.010818270900000001	-0.0426626191	0.015967495800000002	-0.1076955755	-0.07692519639999999	0.0706491595	-0.08481316189999999	0.0167044139	0.0615375946	-0.1363246625	0.0349604711	0.0652273588	-0.07977503179999999	-0.0339628606	0.0232134454	0.09559576689999999	-0.0591155362	-0.1179081551	-0.0408897086	0.1072333134	-0.022905353700000002	0.040892322099999996	-0.050641288799999996	0.0389172509	0.0933209379	0.0867884536	-0.0257332786	0.0020742136	0.0622358067	-0.088909994	-0.040619635	-0.011844333600000001	0.0201038756	0.0362922675	0.0082017166	-0.027497917	0.0642142506	0.010102967	-0.04612489400000001	-0.0450436906	0.0303814478	-0.079815463	-0.0441225481	0.0759437857	0.0019589965	-0.0332898108	-0.0980145374	-0.12749335039999998	0.10427671849999999	-0.067997831	-0.085970739	0.08512606	0.1081245151	0.0189566015	-0.0698152635	0.044023744000000004	0.0417837632	-0.0467307877	-0.07121144139999999	0.015605581100000003	0.079697709	-0.019156877	0.0833753467	-0.1538190322	-0.0991502886	0.1371359372	0.0010598816000000001	-0.0515267225	0.11809930369999999	-0.049551032	0.0586817143	-0.10033053189999999	0.051443750499999996	0.0327398516	-0.0009880539	0.1045702089	0.0658852243	-0.030188045099999998	-0.10568032720000001	-0.027801423199999998	-0.1170193239	0.0770805982	-0.0534021476	-0.046998190599999996	-0.1311677899	-0.0582377783	-0.0693835003	-0.1095471548	-0.1413577867	0.0292394011	-0.07608822330000001	-0.0383402985	0.0357909777	-0.07512807070000001	-0.012939075100000001	0.0416815485	0.0119238381	-0.1195035374	0.0462961719	0.09675297470000001	-0.0710314583	-0.0747634442	0.0342327118	0.0609623041	-0.0136554296	-0.0452615616	-0.051544348399999995	0.0235649956	-0.0008972525	-0.0636662747	0.016545978	0.0014098367	-0.027872208199999998	-0.008911698000000001	0.0857242217	-0.0295968593	-0.0022876274	0.07642666599999999	-0.1111417243	-0.0812442307	0.0551448351	0.0832408275	0.025025327200000003	-0.0518885154	0.0159095522	0.07095167990000001	0.152245532	0.0620029983	0.08604672699999999	0.0071057596999999995	-0.0224313099	0.0425892111	-0.0923400945	0.0847527718	-0.0725656218	0.0564400834	-0.0372513456	0.0	0.0	0.0	0.00773437	-5.564999999999998e-05	5.98204792969e-05	3.096922499999997e-09	0.0502771	-0.02395590000000001	0.00252778678441	0.0005738851448100005	0.137491	-0.01780899999999999	0.018903775081	0.0003171604809999997	0.000118286	0.000506189	1.3991577796000001e-08	2.56227303721e-07	-0.000730202	5.5870999999999974e-05	3.1215686409999982e-09	5.33194960804e-07	-0.000146779	-0.000286053	8.182631880899999e-08	2.1544074841e-08	0.0	0.0
4502.387882203139	3.7069045052930965	20271496.64180967	13.741141011362252	4717.6759066581735	16.7938141172599	282.0321926050778	22256465.96026302	4698.970599316554	-2.830325788643677	8.01074406986145	22080324.69324138	4685.669734603481	3591.037847969091	1.001837	14.647942	0.083853155	0.0451059	-0.10041798380000001	0.10715678460000001	-0.06974092679999999	-0.1337337282	-0.0609724873	0.0526751518	-0.0023732249	0.052043498099999995	-0.0205050254	-0.0775860801	0.045327522	-0.0649579621	-0.0344845236	-0.0074160985	0.0862974484	-0.10772630109999999	-0.052120438899999996	0.0935247135	-0.09976811210000001	0.1078618636	0.012892569599999999	0.0011964922	-0.0803545878	-0.0091053888	-0.0709506108	-0.0334925415	-0.0399369536	-0.1302159443	0.0189705907	-0.011483299399999999	-0.0299176244	0.0035468434999999998	0.0170281637	-0.044993443200000004	-0.0513070646	0.0596971566	0.0596943875	-0.012705015200000001	0.0477370818	0.10658431980000001	0.0947450856	-0.0473620341	0.0237051229	-0.0055362677	-0.0056	-0.0562997744	0.0415873085	0.0624545783	-0.0463223145	0.0774148234	0.0354153189	-0.15177253429999998	-0.0636956761	-0.0135027693	-0.0010653752	-0.051192105599999996	-0.0334864441	0.0477418436	-0.0998570618	-0.10854888359999999	-0.0497951684	-0.061686130599999986	0.0093837123	0.10735524130000001	-0.0267362379	-0.0361385058	0.028279804900000007	-0.0707817011	0.0321080958	0.0094012778	-0.0895319944	0.002941461	-0.0211260967	-0.0414479116	-0.0416039951	-0.0835421463	-0.018488750800000002	0.1168781873	-0.1120312045	0.0064513603	-0.0222090792	0.01721016	0.117543442	-0.13502907279999998	-0.08768535	0.0749948859	0.0741139249	0.0168066733	-0.0496146808	-0.1087204055	0.11096896740000001	-0.0443698356	-0.0591651821	0.09487101449999999	-0.043198149000000005	0.0688017019	-0.1128883732	-0.0296775136	-0.0328259057	-0.0204207709	-0.059960813099999996	-0.0122685704	0.1106503372	0.0419258902	0.010047215	0.034297693399999996	-0.0325388491	-0.0157044073	0.0383753684	-0.006433893100000001	-0.0090993229	0.010868083700000001	0.09268972019999999	0.0412700895	-0.0369225153	-0.117947275	0.0813138797	0.044996644800000006	0.034255428399999996	0.0730483363	0.0291980182	-0.0164618368	-0.0005178563999999999	0.0332551734	-0.0526869735	0.0694308521	-0.007009603499999999	-0.104632221	0.0659282668	0.12013779769999999	0.0903321208	0.028932710299999997	0.0495079191	-0.0664480405	-0.0491242384	0.0129839675	0.1064371519	-0.0767925899	-0.107197852	-0.070147264	0.045492586200000004	-0.1014203323	-0.0176487004	-0.0058561249	-0.059345391399999996	0.0912571608	0.0378413758	-0.010492952600000001	0.0845152728	0.026911642200000002	-0.029109696400000006	0.10180554609999999	-0.030962709300000002	0.0298559734	0.0688822459	-0.1645357387	0.0354496183	0.0919726483	-0.0926416252	0.0859280801	-0.0750968762	0.060667043	-0.0433300555	0.0	0.0	0.0	0.00782703	9.266000000000047e-05	6.126239862090001e-05	8.585875600000091e-09	0.07540089999999999	0.025123799999999998	0.005685295720809999	0.0006312053264399997	0.137812	0.00032099999999998796	0.018992147344	1.0304099999999226e-07	-0.00063042	-0.000748706	3.974293764e-07	5.60560674436e-07	-0.000928617	-0.000198415	3.936851222499999e-08	8.62329532689e-07	7.241389999999998e-05	0.0002191929	4.804552741040999e-08	5.2437729132099975e-09	0.0	0.0
4518.627417326544	16.239535123404494	20417993.73661515	263.7225010242882	4705.3880426666965	-12.287863991477025	150.9916014730377	22140676.632070724	4700.025601460678	1.055002144124046	1.1130295241063344	22090240.654385813	4688.213133429849	3693.176190434135	1.1491129999999998	16.801275	0.061186375	0.0316399	0.013688475700000001	0.053957964000000004	-0.0552467256	-0.067133322	-0.1369133507	-0.0247562014	0.027510907799999998	-0.0003482446	0.0955107157	-0.0755675014	-0.0172573467	-0.0386411559	0.12888591119999998	0.1510126851	-0.0772634	0.022872082599999996	-0.1565387126	-0.027115380499999998	-0.0634492559	-0.10916291550000001	0.0546805811	0.0002745286	-0.052405659	0.005956227099999999	-0.0018617569	-0.0165236749	-0.044040571900000006	-0.0233901429	-0.0558768208	-0.0069366923	0.0175382444	0.06113366	0.0391810074	-0.0397467432	-0.0730460179	-0.0223901112	0.1818817601	0.06112275690000001	0.0203770728	-0.0007756458999999999	0.0967605676	-0.0259457328	-0.0213966716	-0.0747206921	0.0801639704	-0.0084874511	0.0713196183	0.0648809835	0.0337487858	-0.0683546993	-0.0378591364	0.036743543999999996	0.054880041	-0.0065426799	0.0626470153	0.1421279098	0.0076352415	0.10858237130000001	-0.0441092589	0.0344036691	0.06530499299999999	0.0800506681	-0.0147339121	0.1130736693	-0.006517529100000001	-0.045461558	-0.0982348352	-0.020776013700000002	-0.038031011499999996	-0.0709506597	-0.09372730300000001	0.0040647473	0.0167738684	0.0356752462	-0.0195638729	-0.0228482985	-0.0614514089	0.0459675437	-0.0381305046	-0.038471728999999996	0.021645030699999998	0.0717590594	0.0301976352	-0.014940552099999999	-0.07515692139999999	0.0308393142	-0.008154911899999999	0.13138180730000001	-0.0826811907	0.1308774228	-0.1187990528	0.036988287200000004	-0.0159583311	0.1347391664	-0.0794936569	-0.08824163619999999	-0.0795147601	0.0707420728	-0.028338663700000002	-0.025445831800000002	-0.055330139400000006	-0.0248760029	-0.0120548883	-0.0206114446	-0.1263800427	-0.0767691401	-0.0282219868	0.0262885527	0.054758816200000004	0.0114299776	-0.0810905371	0.063049568	0.1039729199	-0.1088930572	0.1102275933	-0.1027938777	0.0711036916	0.007892353000000001	-0.0035695103000000002	0.0046638141	-0.0431330406	0.0304391827	0.1142524082	-0.062037061500000004	0.010858933999999999	-0.0100881239	-0.026483657999999997	0.0277483671	-0.0519919608	-0.0473008558	0.1545667375	-0.0242038186	0.0191035954	0.09100095429999999	0.0526367622	0.0601525429	-0.0295728635	0.0339042252	-0.0605424965	-0.0397815337	0.0017312712	0.0947358794	0.0319143881	0.0665559367	0.0055146883999999995	0.1373306574	-0.002731882	0.0191301816	0.0413776248	-0.0245076492	-0.0048116345	-0.0015628267999999999	-0.048335206	0.0224221845	0.0293611116	0.0075547978000000005	0.055837861600000004	0.023918780299999998	-0.0929246038	0.08703456119999999	-0.077492801	0.06469966769999999	-0.0491919241	0.0	0.0	0.0	0.0123964	0.00456937	0.00015367073296	2.08791421969e-05	0.0710775	-0.00432339999999999	0.00505201100625	1.8691787559999923e-05	0.119315	-0.018496999999999986	0.014236069225000004	0.00034213900899999946	-0.000320213	0.000310207	1.0253636536900002e-07	9.6228382849e-08	-0.00124766	-0.00031904300000000014	1.0178843584900004e-07	1.5566554756e-06	0.00011909600000000005	4.6682100000000066e-05	2.179218460410007e-09	1.4183857216000011e-08	0.0	0.0
4533.835352804548	15.207935478004401	20555663.006340344	231.28130150314496	4723.384843468666	17.996800801969584	323.8848391057731	22310364.37950952	4703.048008051923	3.022406591244362	9.134941602797364	22118660.56604116	4692.571638690591	3782.9007271737282	1.004262	14.683398	0.055662759750000006	0.0368041	0.081171109	0.0763745431	0.0083469604	-0.069509817	-0.1224928735	-0.0498742731	-0.0226775785	-0.014113312099999999	-0.0816371363	-0.0306462736	0.0036443683000000004	-0.0339929984	0.1365002208	0.0387872765	-0.0383206568	-0.0352243285	-0.045629154000000005	0.1338158522	0.0589674484	-0.09822593060000001	0.0255757082	-0.06049634440000001	0.08835262279999999	-0.0041041132000000004	-0.0659546416	-0.0587258689	0.0055805879000000004	-0.0208262104	0.0576528375	-0.023994291	-0.039984062	0.15627738289999998	0.0081265742	-0.016199652	-0.1326313764	0.0255313856	0.0645210928	0.0289332371	-0.1096277123	-0.1077909558	0.0364996796	0.16696419939999999	0.0795617364	-0.089056589	0.0263098505	0.10002570890000001	0.1574480575	0.0135532764	-0.0451976912	0.0582526053	0.0387107025	0.0127940352	0.0380832642	-0.037433988599999996	-0.033771951099999996	0.0525727731	0.0432169304	0.0732186794	0.09831420490000001	-0.049092906299999996	-0.0594394482	-0.0269695304	0.07208769129999999	-0.10532153470000001	-0.0383257497	0.0226413782	-0.020812800700000002	-0.033590683999999996	-0.0173980942	-0.0224141895	0.016170771299999998	-0.025576428300000002	-0.012639977	0.0582921194	0.09491195949999999	-0.045142830599999996	-0.1126720122	-0.1004090774	-0.038258554	-0.005787896	0.0528645404	-0.0042967992	0.10452486550000001	-0.0811754156	-0.0267400583	0.0110564527	-0.0188640398	0.16518301400000002	-0.014331316699999999	0.0926945718	0.0211734377	0.0113055605	-0.1028253717	0.035545740299999996	0.034766929	-0.029475574100000002	-0.0207296026	0.059647979299999994	0.1374918494	0.053361898600000006	-0.062387749699999995	-0.0476982845	0.0444190939	-0.1031981034	0.0192770072	0.0231758793	-0.0760447024	0.1447265609	0.10894382720000001	0.09655013	-0.0388317545	0.024211666099999998	0.0447597112	-0.10319398279999999	-0.06594645269999999	-0.0077396605	-0.08492763589999999	-0.11044416369999999	0.1061208825	0.0575585376	-0.1542620525	0.054015629800000006	0.072901613	0.0111726184	-0.0144972322	-0.000995962	0.0652388805	0.0284611927	-0.1300002171	0.0656882618	-0.06565916	-0.0480763222	-0.0451164322	0.0253264761	0.029039429199999998	-0.0453520235	0.07608512519999999	-0.0201950493	0.0710096489	0.012186850400000001	0.011056491000000002	0.0390234875	0.0357130598	-0.042974115300000004	-0.0060747693	-0.0475996188	0.1110981075	0.0037337475	0.0717664361	-0.0103495012	-0.058453055199999986	0.0469709748	-0.12964463140000002	0.09170817029999999	-0.0594508678	0.0161519909	-0.0163609157	0.0414911038	-0.09318897359999999	0.08807132890000001	-0.07974907860000001	0.0685250399	-0.0548076162	0.0	0.0	0.0	0.0125915	0.00019510000000000013	0.00015854587225000002	3.8064010000000045e-08	0.07101139999999999	-6.610000000001337e-05	0.0050426189299599975	4.369210000001768e-09	0.119414	9.900000000000185e-05	0.014259703396000004	9.801000000000368e-09	-0.000846428	-0.000526215	7.164403591839998e-07	2.7690222622500003e-07	-0.000786073	0.0004615870000000001	2.1306255856900006e-07	6.17910761329e-07	8.468049999999998e-07	-0.00011824919500000005	1.398287211814804e-08	7.170787080249997e-13	0.0	0.0
4537.23908361243	3.4037308078814017	20586538.50186016	11.585383412520983	4777.546243981881	54.16140051321509	2933.4573055528954	22824948.11338538	4708.996891776973	5.948883725050108	35.38921757416606	22174651.726765197	4698.049463036502	3889.451511794809	1.030362	15.065006	0.04189090975	0.0245187	0.1434636232	0.0344323614	0.1063263375	-0.0527040908	0.0312877523	0.00048228800000000004	-0.0143846129	-0.007875856700000001	-0.0268541661	0.0691269796	-0.0047973734	0.0168404424	0.1376807606	0.0972176704	0.1009726283	0.023084204	0.0371929227	0.1719530501	-0.0106919534	0.021732656	0.010189199599999999	0.0164198757	0.13602613689999998	0.0016381424	0.04663567019999999	-0.034099720800000004	0.0179920629	-0.0177685597	-0.0529881272	-0.12939790240000001	-0.1193432821	-0.08131652860000001	-0.0102751261	0.045594721399999996	-0.0755907116	-0.0614213301	-0.1026487489	-0.0030573496	-0.0148746772	-0.0262394961	-0.0720784585	0.109990886	0.024279065899999997	0.026287901000000002	0.0538558455	0.0419642772	0.0671567307	-0.1019119032	0.030411507	0.0764063796	-0.035689271200000004	-0.0975641362	-0.0194975071	-0.09985406279999999	-0.051494877	-0.0158363332	-0.0993529464	-0.1311235941	-0.0584174041	-0.0179623117	-0.0300138065	0.0746462203	0.0450886918	-0.0063035502	-0.0038876915999999997	-0.0417655855	0.0677234105	-0.0090734576	-0.0539836821	0.0401266833	0.0042901853	0.0038429072999999997	-0.0016186853	-0.0390958967	0.1124724348	0.034775993	0.1614042043	0.0652752897	0.011473703	0.0662352907	0.0769384112	0.0393767547	0.05020077269999999	0.0687042068	0.068172364	-0.0068897894	-0.0079655321	0.13176898509999999	-0.044359845099999996	-0.0391926799	-0.0654697034	-0.12870972039999998	-0.141948655	-0.0059070043	0.1065283284	-0.043299537199999995	0.0433497215	-0.0211828197	0.1089154372	0.0076141567	-0.021266456099999997	-0.0991064207	0.0035125924	-0.030802271200000002	-0.000185557	0.0865551365	-0.0208872524	-0.007931399799999999	-0.13926138230000001	0.0471862904	-0.1152164892	-0.0411766861	-0.0117163416	0.0825030958	-0.0280714475	0.025668833500000002	-0.054690990099999996	-0.0258803281	-0.0052947772	-0.0168074271	-0.0415093536	0.0655025942	-0.0384829838	0.18395107300000002	0.0171422936	-0.0975126664	-0.0208517082	-0.0838499422	0.0123098503	0.1167948167	-0.0027103096999999995	0.0652451981	0.09279965359999999	-0.0788368617	0.043383253899999995	-0.0704335969	-0.0961220392	-0.01397779	0.0346352788	0.0079514002	0.08892603869999999	-0.0426799234	-0.0612878129	0.0268751306	-0.0130788255	-0.09039212099999999	0.0039637646	0.07895393049999999	-0.1209461116	-0.1409539265	0.08756104320000001	0.0009861869	0.06934082429999999	0.0368425795	-0.055172212199999994	-0.0544518462	-0.0894616465	0.0632634787	-0.0934346818	0.08903755279999999	-0.0818616429	0.0721309058	-0.0601490288	0.0	0.0	0.0	0.00783405	-0.00475745	6.137233940250001e-05	2.26333305025e-05	0.092827	0.021815600000000004	0.008616851928999998	0.0004759204033600002	0.125366	0.005951999999999999	0.015716633956000002	3.542630399999999e-05	-0.000809805	3.662299999999995e-05	6.557841380250001e-07	1.3412441289999965e-09	-0.000786073	0.0	0.0	6.17910761329e-07	0.000151541	0.000150694195	2.2708740406698024e-08	2.2964674681e-08	0.0	0.0
4526.128241252441	-11.110842359988963	20485836.85626291	123.45081794852514	4821.471757791259	43.92551380937766	1929.450763417828	23246589.91117873	4715.3432503704	6.346358593426884	40.276267396363274	22234461.968813688	4704.878351549772	3842.940043669741	1.0550290000000002	15.425672	0.08279521000000001	0.050732	0.0904024507	-0.0130144735	0.1451719521	0.0177758888	0.11634537449999999	-0.09540127849999999	-0.0323026638	-0.0345155001	-0.0550975881	0.16157226289999999	-0.022276243199999997	-0.014318645900000001	0.07289253799999999	-0.06498096099999999	0.045015440999999996	0.018291913899999998	-0.1544383556	-0.06817075110000001	0.0501794941	-0.023017158500000003	-0.014069286299999999	0.0057755424	-0.0225110391	0.0145532034	0.027051841899999998	0.0028853343	0.0309698306	0.026475801400000002	-0.1761146011	-0.0482860861	-0.0034932754	-0.049666218899999996	0.0337039822	-0.0008431255000000001	0.0201046475	-0.0748034253	-0.06909425820000001	-0.0315126658	0.0167729634	-0.0903007057	-0.0792886097	0.051487564000000006	-0.029315057599999996	0.061547770700000004	-0.021332787000000002	-0.024263601	0.08692708019999999	-0.024844328	-0.0448510515	0.0856456342	0.0599272558	-0.1404615986	0.0043325154	-0.014539358999999996	-0.0393277975	0.0171708076	-0.0007930271000000001	-0.0333700615	0.0072923521	0.0533729312	0.0454533753	0.0367532482	0.0878295383	0.0767368798	0.0311337598	0.0086398133	0.0364749579	0.0851395782	-0.0728576054	0.0960578052	0.043718934400000006	-0.0006607969	0.0069114555	0.0018240595999999998	-0.0256158419	0.0496269527	0.0262439037	-0.0316719881	-0.0624946171	0.0042461354	-0.0355894972	-0.1362565351	-0.08179440980000001	0.0562256238	0.1544317192	-0.030753321	0.026100725	0.0759051389	0.0693816196	-0.0203698347	-0.0267715082	0.1384199378	0.034359634900000005	0.10910725730000001	0.018451321200000002	-0.0384907174	0.0293486957	-0.0207882307	-0.022339485699999998	-0.017525813600000002	0.0420012601	-0.0074913753	-0.049998986399999994	-0.09322216470000001	-0.0956184178	0.0850988902	0.1072909269	-0.0660206178	-0.1052538908	-0.040962113	-0.0024910575	-0.0475450972	-0.0115177178	0.043987957300000005	0.0070719229	0.0611355267	-0.0384672049	-0.1225851616	0.0040773763	0.021198540699999997	-0.10070730509999999	-0.022601988599999998	-0.058586387999999996	0.062255908099999986	-0.0720413077	-0.0012498239999999999	0.0858140479	-0.0544390978	0.0154183467	0.06745369059999999	-0.062462089299999995	0.0259157498	0.0204192956	0.0042311099	-0.0134522825	-0.0687323354	-0.0695027476	0.0093650969	-0.0782089575	0.0013450384	0.060637526399999996	-0.0181721199	-0.011819706299999998	0.0593306153	0.08623287789999999	-0.0021796888	-0.011218096100000002	0.0679167623	-0.0224012529	0.045754496299999996	-0.0461612715	-0.09577253179999999	-0.0283296356	0.0027280356	0.0212242522	-0.011314921200000001	-0.0047733376	-0.10263069949999999	-0.093661679	0.0899324588	-0.083826687	0.0755057146	-0.0651894312	0.0	0.0	0.0	0.00786848	3.4430000000000224e-05	6.191297751040003e-05	1.1854249000000154e-09	0.08036669999999999	-0.012460300000000007	0.006458806468889997	0.0001552590760900002	0.13014400000000004	0.004778000000000032	0.01693746073600001	2.2829284000000306e-05	0.00013869299999999998	0.000948498	1.9235748249000002e-08	8.996484560040001e-07	-0.00109247	-0.00030639699999999987	9.387912160899995e-08	1.1934907008999998e-06	9.598640000000004e-05	-5.555459999999995e-05	3.0863135811599943e-09	9.213388984960008e-09	0.0	0.0
4520.179164535489	-5.949076716951822	20432019.67950075	35.39151378417827	4839.8285546086045	18.35679681734564	336.971989393311	23423940.43800481	4717.63283578638	2.2895854159796727	5.242201377066811	22256059.57328984	4706.266544619517	3797.2502195308557	0.9708580000000002	14.194992999999998	0.07417556999999997	0.0388115	0.0196301264	-0.056037095099999996	0.12284359480000001	-0.0141217926	0.1723784459	-0.0050705619	-0.0261236644	-0.0848672964	0.011499754099999999	0.2019633144	0.0333319965	-0.041538217	-0.0694050912	0.0121139596	-0.0813401192	-0.0521987369	0.0047651766	-0.04294123440000002	-0.0412928265	0.013294934	0.0305668978	0.155547494	0.047010584	0.12739302460000002	-0.0298698272	-0.0198329458	-0.070398485	0.0759981399	0.0973281099	-0.0438263379	0.055754565	-0.0201698825	-0.0738026272	0.003102375	0.0209214605	0.0536817976	-0.0406829783	0.0397066866	-0.0747073775	-0.0636301	-0.08290731650000001	0.056197998	0.1572131409	-0.13064353050000002	-0.0227827871	-0.0316483203	-0.0095079148	0.0088154136	-0.04983305440000002	0.0816435407	0.0031581945	0.0778372974	0.116261943	0.0764568536	-0.023830031	0.030325569500000007	-0.009127101700000001	0.0047317271	0.1421134885	-0.027240357000000003	0.0492154691	-0.0880020777	-0.08294591700000001	-2.2282600000000002e-05	-0.030211128700000006	0.034882046	-0.041904611800000005	-0.0026014853	-0.11071867310000001	-0.0502008871	0.0473143937	0.129627682	0.0690630277	-0.0616685985	0.0558415147	-0.0383160907	0.0005092216	0.0659858573	0.0983560124	0.2076038839	0.1406848027	0.0003478877	0.052836393499999995	-0.0676270061	0.1986418907	0.0260106921	0.070951132	-0.036079347000000005	-0.0496919857	0.053417047800000006	0.0583694929	-0.044323012800000006	0.0428801968	0.0221793967	-0.0584094178	-0.0917924758	-0.0408161077	-0.1722591004	0.027943792000000002	0.052518401900000004	0.0420518226	-7.72811e-05	-0.054468099699999994	0.0308101021	0.0582204771	-0.1310140642	-0.033128412999999995	0.0128656351	-0.0125230909	0.033034380499999995	-0.0164726803	0.0160438966	-0.0769233257	0.021406165699999997	-0.08733097640000001	0.1188114017	-0.0836576321	-0.0777019812	0.0810055965	0.1783278418	0.028635117	0.028390246	0.050334478099999996	-0.0652029988	-0.037922124	0.0398140118	0.047224206500000004	0.0659511818	-0.037592065699999996	-0.055343149	-0.0699612945	0.0456526363	-0.0417713116	0.029164194700000007	0.12648384470000001	-0.0076657989000000005	0.06440132230000001	0.0437758162	-0.0049027466	0.109349904	-0.1559318485	0.046797844299999995	-0.0131866455	0.1107945793	-0.021632026000000002	0.0064093588	0.0464790438	0.035325006299999996	-0.0538513673	-0.0605106079	-0.028519044599999998	0.0794123503	0.0773807492	-0.0391215227	-0.008998565200000001	-0.0113823797	-0.20171451210000002	0.114234509	-0.0938699199	0.0907553302	-0.0856406697	0.0786386558	-0.0699035991	0.0	0.0	0.0	0.00185261	-0.00601587	3.4321638121e-06	3.6190691856900015e-05	0.07114830000000001	-0.009218399999999974	0.005062080592890003	8.497889855999952e-05	0.156075	0.025930999999999958	0.024359405625	0.0006724167609999976	-0.000248133	-0.000386826	6.1569985689e-08	1.4963435427599996e-07	-0.00122193	-0.00012946000000000008	1.675989160000002e-08	1.4931129248999996e-06	-4.79336e-05	-0.00014392000000000005	2.071296640000001e-08	2.29763000896e-09	0.0	0.0
4510.923231813416	-9.25593272207243	20348428.403314	85.67229055553116	4840.572546373714	0.7439917651099677	0.5535237465514453	23431142.576706905	4713.6668886488205	-3.965947137558942	15.728736697911966	22218655.53714425	4703.938189770543	3763.782959632286	0.945423	13.823108	0.02259044000000001	0.0112745	-0.0124639981	-0.0988719405	0.0803864077	0.1011749089	0.1638767482	0.027396127599999997	0.0052922086	-0.0039738754	-0.0386140459	0.1608865365	0.0111472353	0.0491704479	-0.0972449643	-0.0858240474	-0.0178988704	-0.026561844700000004	-0.0710127083	-0.0594333679	-0.0044981418	0.11765101	-0.013968005600000001	0.0641071381	-0.1504273565	0.062191258	-0.0428454354	0.023327821000000002	-0.0041342937	0.0794628647	0.1381235621	-0.0042779782	-0.043610969000000006	-0.0688063137	0.1261219494	-0.022745982799999998	0.0167117834	0.057008920899999996	-0.0159699658	-0.042735988499999995	0.1594389109	-0.0419416679	-0.0533746691	0.0818879453	0.0027023416	0.0382333015	-0.0352203465	-0.065682029	-0.054334689500000005	0.1108112148	0.0027609848	-0.0121533715	0.014823018500000004	0.0751093149	0.0082908718	-0.09078457529999999	-0.0281321421	-0.09613492050000001	0.024711325	-0.0342616881	-0.0429513428	0.127030442	-0.1547412008	-0.09680866099999999	0.045992098700000004	0.11219402140000001	-0.1379586052	0.0474993848	-0.09631363609999999	-0.0137906169	-0.0377535181	-0.0080579317	-0.0639629344	-0.0435454371	0.013242381200000002	0.0810575015	0.047547712400000004	0.0389928351	0.0253368223	0.0140409066	-0.0334508904	0.0959877559	-0.06596700009999999	0.11385784800000001	0.0579579393	-0.05394201269999999	0.162446575	-0.011285691499999998	-0.0045910051	-0.08701834380000001	0.0412178849	-0.032996748799999996	0.0625287288	0.02858664	0.0670063775	0.083078539	-0.0399471252	0.06578975849999999	-0.080963375	-0.1360425092	-0.1074565275	0.0313421679	0.13357120960000002	0.09691693130000001	-0.0317828199	0.0321813723	0.0765433249	0.0323337339	-0.0024713535	0.0372783643	0.07495596480000001	-0.06820803809999999	0.014955071499999997	0.0480366162	0.098816313	0.1270704886	0.0254032537	0.0529017875	-0.1146069393	-0.0300893887	-0.012022421799999999	-0.0133083399	0.055310273300000004	-0.054044365899999995	0.0361642217	-0.0662881467	-0.0426234763	-0.028628983700000006	-0.0452258485	-0.0779443771	-0.07283712190000001	-0.046656768	-0.0421967898	-0.0361655567	0.047632627999999996	-0.029273048399999998	-0.1771361543	0.048594960599999994	-0.0013468767000000001	-0.1463460368	-0.0187296871	-0.0075355548	0.024809506000000002	0.11032494949999999	-0.0328215882	0.1851402305	-0.0527654217	-0.0658626713	-0.16123344380000001	-0.0356824763	0.005624735200000001	-0.0107171985	-0.0398853933	0.052255059400000005	0.053293744500000004	-0.0532055542	-0.0036045708000000004	-0.10080120349999999	-0.0229763358	0.0069660856000000005	-0.09405936279999999	0.0915055078	-0.0873003222	0.0815196937	-0.07426794099999999	0.0	0.0	0.0	0.007883809999999998	0.006031199999999998	6.215446011609998e-05	3.6375373439999976e-05	0.06650440000000002	-0.004643899999999993	0.004422835219360002	2.156580720999993e-05	0.162806	0.006731000000000015	0.026505793636	4.53063610000002e-05	-0.000304728	-5.6595e-05	9.2859153984e-08	3.2029940249999995e-09	-0.00120942	1.2510000000000082e-05	1.5650010000000202e-10	1.4626967363999997e-06	-1.33518e-05	3.45818e-05	1.1959008912400002e-09	1.7827056323999998e-10	0.0	0.0
4497.284265481105	-13.638966332311613	20225565.76454392	186.02140261392964	4816.410813808441	-24.16173256527327	583.7893205557867	23197813.12737089	4702.064379790936	-11.602508857884462	134.6182117972873	22109409.43169872	4692.975294731602	3716.7734003378882	0.95381	13.945734	0.050581597000000034	0.029941	-0.028972773599999998	-0.12619825199999998	-0.009557268	0.11533401300000001	0.0769108642	0.1473563842	-0.0509237481	-0.0405222197	0.0456549581	-0.0025815735	-0.0102837229	0.08026208110000001	-0.08456745269999999	-0.0198220751	0.0137869584	-0.0621389512	-0.0048381589	-0.08881743660000001	-0.0547979083	0.057640423600000004	0.0192805656	0.0430896728	-0.0382314437	0.0457811571	-0.048259418899999997	-0.0479422896	-0.00763183	-0.0189944408	0.0792290609	0.0550631961	0.1031033155	0.0288888271	-0.1506198427	-0.11703237009999999	-0.0121660679	-0.050991535	-0.12478256019999999	-0.0222647281	0.0293475128	0.10713805650000001	0.018536423700000002	-0.0229112071	-0.0345679769	-0.033023365299999996	-0.07782347349999999	-0.0179330457	0.061217483499999996	0.0881001618	0.1321244629	0.0897541853	0.0173724271	0.0747041967	0.1046916044	-0.0256638727	-0.08591385210000001	-0.126221737	0.1144369083	-0.03135569	-0.0927284896	-0.025452493700000002	-0.022045698399999997	-0.0049514356	0.0151454462	-0.0786638251	0.0654733532	0.13398990689999998	0.0974728211	0.0471081215	-0.013221218799999998	-0.1262990729	-0.0201496374	0.0039957635	-0.0079565577	0.0546943998	-0.054560235	0.0478677174	-0.11905744539999999	-0.1347800006	-0.0032359395	-0.0932637876	0.0476265115	-0.0126363139	-0.1229169524	0.0205900272	0.0100754872	-0.019921145	-0.0626054897	-0.1156417715	-0.0354369342	-0.0784705429	0.0424339076	0.0144564616	0.0900799001	0.027822117200000003	-0.039251211099999996	0.0174610744	-0.0798870813	-0.0515235055	-0.0351131989	-0.07729092509999999	-0.0251763789	-0.0081956925	0.0356658937	0.0370340776	0.12046882310000001	-0.1543485276	0.0337482489	-0.0310689938	-0.0457925017	0.056100182199999994	0.0784137503	-0.18040033170000008	0.0079678341	0.0624985044	-0.0915594985	-0.0088586205	-0.0200283406	0.048206136399999995	0.0389510057	-0.041771124300000004	-0.0287805506	-0.0564340625	0.155303239	-0.039399086	0.07993862610000001	0.013130916999999999	0.0416969652	-0.0608746997	-0.1151888068	-0.058923055599999996	-0.0403793557	0.0818480999	-0.0642925768	-0.0924602636	-0.14155181460000002	-0.020045949	-0.0591528844	-0.0186841923	0.0065091273	0.012057569099999998	-0.072767205	-0.0811526514	0.0933091749	-0.011716279599999999	0.12584457429999998	-0.054727800800000004	0.0323490267	-0.10158172480000001	0.1068995366	0.0391966667	-0.07175077269999999	-0.0748835407	-0.031908859	-0.058620413499999996	0.0175380068	0.1844395873	0.1163112908	-0.0096987109	-0.0942299696	0.0921823909	-0.08880265359999999	0.0841395995	-0.0782606159	0.0	0.0	0.0	0.0109892	0.003105390000000003	0.00012076251664000002	9.64344705210002e-06	0.0421357	-0.024368700000000017	0.0017754172144899996	0.000593833539690001	0.1541	-0.008706000000000021	0.02374681	7.579443600000033e-05	-0.000304728	0.0	9.2859153984e-08	0.0	-0.00148554	-0.0002761200000000001	7.624225440000008e-08	2.2068290916e-06	-1.44166e-06	1.191014e-05	1.418514348196e-10	2.0783835556e-12	0.0	0.0
4496.203576742718	-1.0806887383869253	20215846.60351401	1.1678881492763242	4766.008371689103	-50.40244211933805	2540.406171593222	22714835.799010616	4696.384793794908	-5.679585996028436	32.25769708628232	22056030.13138804	4686.85482291537	3656.3373375223714	0.9240060000000002	13.509965	0.07261321800000001	0.0387521	-0.04869658809999999	-0.08966637779999999	-0.0699465605	0.12249562550000001	-0.1163999282	0.0340555337	-0.046634471	0.1139549455	0.0251208287	-0.106592953	-0.0279858003	0.027837905	-0.0896239238	0.0631760691	-0.004716075399999999	-0.0770259847	-0.00043128620000000003	-0.0430243606	-0.0417763134	-0.0384025088	-0.0242523565	-0.0361034856	-0.0022521981	0.0019589664	-0.0246838619	-0.056209727699999996	0.1296151627	-0.0457533745	-0.056037499000000005	0.0333539303	-0.0204557291	0.09040830539999999	-0.011652891200000001	0.050031404800000005	0.060593330599999995	0.0691936031	0.0043417622999999995	-0.051379307400000004	0.0416798617	-0.0106266343	-0.027130699100000003	0.053358762000000004	0.0741070308	0.020951861000000002	0.1285010687	-0.040441325	-0.09637883720000001	-0.007971171800000001	0.0395682526	0.0029698661	0.17333050739999994	0.09815253869999999	-0.12086490119999999	-0.0792549551	-0.0153917326	-0.054596418099999995	-0.0383600369	-0.050298706	0.02768347	0.05336566400000002	0.0080449041	0.0536467059	0.0232698503	-0.044720074400000004	-0.0716314524	0.046378303899999994	0.0145400509	0.0660947866	0.06258120019999999	-0.09945214919999999	0.018529216100000002	-0.0097055778	0.061908187300000014	-0.053672472	-0.0523597332	-0.0718958796	-0.014604083	-0.030490490800000002	-0.0493958091	0.0175508791	0.0028827382	-0.0820356094	-0.0434044165	-0.0401175275	-0.09590743759999999	-0.0244238598	-0.0489450267	-0.11862856029999999	-0.0630151012	0.0095779788	0.0062519356	0.0410027736	0.0247302016	-0.0017185295	-0.0964791858	0.0070646253	0.007027234100000001	0.016509926299999998	0.0303554903	-0.0776377731	-0.0656355839	-0.0505905586	0.0005188484	-0.117481807	0.0016834371	0.09785285390000001	-0.0458567821	0.0175782007	0.0406582915	-0.0115432765	0.1281316857	0.0150377116	0.0099258991	0.011908034	-0.0233498734	0.0027100316999999997	-0.053629247000000005	0.0241928395	-0.08752499890000001	0.080760398	0.12743581269999998	0.1193623256	-0.0063993183999999995	-0.09431701529999999	0.0079449702	-0.0711485707	-0.028244582799999998	-0.096538801	0.0085177522	0.093850929	-0.1149941824	-0.0368571987	0.003157826	0.038382142599999995	-0.0414762983	-0.004007028	-0.004395452199999999	0.0044876678	0.049483281799999994	0.034685082	0.026515890099999998	0.0263184427	-0.0633444123	0.0033470559999999997	0.058986668099999987	0.031162275	0.10519267970000001	-0.0592002625	-0.0566408267	-7.63434e-05	0.030306813199999998	0.024354843799999998	0.09524091900000001	-0.0050046131	0.0230913125	0.0291356868	0.0616928009	-0.0209036765	-0.0943817063	0.0927854371	-0.0901449566	0.0864899808	-0.0818616429	0.0	0.0	0.0	0.00796429	-0.0030249100000000004	6.342991520410001e-05	9.150080508100002e-06	0.071082	0.028946300000000005	0.005052650724000001	0.0008378882836900005	0.177323	0.023223000000000018	0.031443446329	0.0005393077290000009	-0.000535119	-0.00023039100000000004	2.8635234416100005e-07	5.308001288100002e-08	-0.00151464	-2.9100000000000006e-05	8.468100000000002e-10	2.2941343296e-06	8.74475e-05	8.888915999999999e-05	7.901282765505599e-09	7.64706525625e-09	0.0	0.0
4508.834644720989	12.631067978270949	20329589.853436247	159.54387827170174	4770.607320785522	4.598949096418437	21.150332791447962	22758694.20913241	4700.20037502115	3.8155812262421023	14.558660094051184	22091883.56534896	4691.414500574735	3731.588703652921	0.920509	13.45884	0.05550002000000001	0.0283053	-0.011492101299999998	-0.1029233126	-0.0228651641	0.0401260461	-0.107954185	0.0173002372	-0.0835905258	0.1312932761	-0.0134736563	-0.0784764151	-0.042352569699999995	0.030786388199999997	0.0354956938	-0.0082289139	-0.11311955509999999	0.0403316854	0.0254218973	0.0519648221	0.1051737027	0.0775309816	0.001869161	-0.08453039150000001	-0.025135027999999997	-0.0276319604	0.0040102036	0.0403164455	0.0522050441	0.0138527708	0.0824580449	0.0481470654	0.0812065126	0.064827287	-0.12001819529999999	0.1111249674	0.028463607000000002	0.0082046249	-0.0074805491	-0.011323068600000001	-0.06655921320000001	0.0334087998	-0.0123531189	-0.0386833023	-0.1068369404	0.07843041740000001	0.008610523299999999	-0.021805609	-0.0225138585	0.1105097392	-0.0477736641	-0.0397184575	0.0823165602	-0.0691764111	0.055568592400000005	0.0028110120000000003	-0.1101661421	-0.011220581399999999	-0.0317186463	0.0544734852	-0.11467127699999999	-0.10201604189999999	-0.0036127666999999997	-0.0828608677	-0.1062238939	0.004666847	-0.0385451112	0.021261794599999998	-0.082533978	0.0671877806	0.0608186362	0.0010147009	0.0814004018	0.0152082769	-0.0732943995	0.0435747971	0.028331479399999998	0.225983209	-0.0466077378	-0.050591646	0.030552123599999998	0.0429058721	-0.057343878200000004	-0.055793088	0.0671736277	0.08956518050000001	-0.068332845	-0.037083306600000004	-0.0778747717	0.012505518200000001	0.0266156642	0.0852845824	-0.0021165262	-0.0198852485	0.0419957991	-0.0345653763	0.14039688039999998	0.1493228261	-0.0090037257	0.07662890879999999	-0.027454369	-0.0325046391	-0.0064351002	0.045416725	0.009379933100000001	0.011523628000000001	0.0498460924	-0.0641627426	-0.0783213139	0.0486672233	-0.0544465311	0.0411357556	0.0905822206	0.0549327194	-0.0658156897	-0.0560175508	-0.048329221	0.0212596912	0.057771677300000004	0.058011167999999995	-0.0915678734	-0.0486600955	-0.07013480379999999	-0.0171298185	0.0358926369	-0.076155227	-0.0922389885	0.0005868576	0.014766639	-0.0137599845	0.07057599839999999	-0.0143586808	0.018712221299999998	0.0999923332	0.11405128099999999	-0.08597941890000001	-0.0499866747	0.0360822402	0.07855906650000001	0.027610646099999997	-0.026790872599999998	-0.0104431366	-0.1012147853	0.02769865	0.0096478001	-0.061514686	0.029334759900000007	-0.1210942041	-0.08442115720000001	-0.0295339453	0.0547053488	0.1131442409	-0.11236994609999999	-0.1636191481	0.0008877497	0.020886509299999998	-0.017905359699999998	-0.0249385506	-0.10710017050000001	-0.0273191861	-0.0945145424	0.0933141636	-0.0913248123	0.0885633085	-0.0850530009	0.0	0.0	0.0	0.00788987	-7.442000000000039e-05	6.22500486169e-05	5.538336400000058e-09	0.05382909999999999	-0.017252900000000015	0.002897572006809999	0.00029766255841000056	0.161699	-0.015624	0.026146566601000003	0.000244109376	-0.000394202	0.00014091700000000006	1.5539521680399998e-07	1.9857600889000015e-08	-0.00123137	0.00028327	8.024189289999999e-08	1.5162720769000004e-06	6.06605e-05	-2.6787e-05	7.175433690000001e-10	3.67969626025e-09	0.0	0.0
4508.718305561363	-0.11633915962556785	20328540.75890413	0.013534800062383357	4809.402891375802	38.79557059028048	1505.0962974254355	23130356.17157393	4704.182298074518	3.981923053368519	15.855711202947669	22129331.093517654	4694.450720018109	3685.157185353826	0.968445	14.159715	0.04731090500000002	0.0258579	-0.020751461699999998	-0.0216640441	-0.027100032200000002	0.0592262014	-0.0106154981	-0.013991606100000002	-0.0521992282	-0.0338994313	0.0334239993	-0.0166777787	0.0386705306	-0.013725231599999999	0.0639454285	-0.0602833038	-0.10552462119999999	0.0957047068	0.16031678300000002	-0.0378669266	0.078667259	0.0199821868	-0.0536907005	-0.06306840650000001	-0.0556759301	-0.0371604102	0.1093951372	-0.0658183353	0.052685522199999994	-0.0916402991	-0.006352996800000001	-0.041498716899999996	0.10853714099999999	-0.0896554544	0.0210882082	-0.1224215578	-0.0347392043	-0.0960176995	0.06394276480000001	0.1220656781	-0.053312995	0.06977812809999999	0.0411310527	-0.10779817050000001	-0.1447262543	-0.0590244804	0.0020402491	-0.0382560436	0.0019302819	-0.0185437256	-0.0894219073	-0.1349904931	-0.0283331979	-0.022501752200000003	0.0247908071	-0.0064947836	-0.0150439042	0.1334453059	-0.0458673558	-0.046092308	0.10718099789999999	-0.0348493395	-0.0775930375	0.06275504679999999	-0.0215415463	-0.040620474	0.08703217220000001	0.013353443799999998	0.1003318175	-0.0162105354	-0.0713143538	-0.0958705887	0.017804913999999998	0.062186812599999995	0.0329374474	0.035089137	0.0803278723	0.058423905400000004	-0.0595116796	-0.0694295452	0.0673264568	-0.0155856054	0.0166284189	-0.0170830814	0.0085026485	-0.09123819650000001	-0.0127325866	0.011605534399999999	-0.0220683339	0.0283306971	0.0706170005	0.1190282135	-0.0434348383	0.06309071200000001	0.0630928117	-0.1969614684	0.028934449700000007	0.0718889954	-0.0068509323	0.0525570858	-0.0395720872	-0.08841520060000001	0.05788841700000001	-0.0796363447	0.0055568223	0.0166480101	0.046972884400000005	-0.0919327639	0.0493135124	-0.06258209049999999	-0.0276909114	-0.06769482389999999	-0.1983481354	-0.0207090447	-0.0091661947	-0.0322665819	-0.0356727549	-0.1322273319	0.1900171174	-0.0414354734	-0.072160452	-0.058324716900000004	-0.049337909699999995	-0.0611595044	-0.0074341631	-0.0262195573	-0.052914301500000004	-0.0119207248	-0.029752772200000006	0.15398128349999998	-0.0115351102	-0.0594711021	-0.0520040073	-0.058491138899999996	0.0214648729	0.0161879757	0.11671761789999999	0.0150010574	-0.0708968928	-0.054064634900000005	0.0460799465	0.02401825	-0.0237301218	-0.10203124390000001	-0.0100195072	-0.0713142208	0.0644621922	-0.007186490899999998	0.038797894	-0.018386086399999998	0.047549874400000004	-0.062414623600000003	-0.11204518779999999	0.0249295482	-0.0331140372	-0.0064787481999999995	-0.0388311893	-0.0008000758	-0.0191417497	0.18537250989999998	-0.09462845140000001	0.0937681467	-0.0923400945	0.0903529413	-0.087818719	0.0	0.0	0.0	0.00783209	-5.778000000000033e-05	6.134163376809999e-05	3.3385284000000384e-09	0.07114089999999999	0.017311800000000002	0.005061027652809999	0.00029969841924000007	0.157471	-0.0042280000000000095	0.024797115841	1.787598400000008e-05	-0.000304729	8.947299999999996e-05	9.2859763441e-08	8.005417728999993e-09	-0.00132926	-9.789e-05	9.5824521e-09	1.7669321476000005e-06	-0.000266243	-0.0003269035	1.0686589831225e-07	7.0885335049e-08	0.0	0.0
4521.909212314874	13.190906753510715	20447662.92441812	174.00002097981465	4722.109857580878	-87.29303379492376	7620.0737491217005	22298321.507062506	4707.7920414595455	3.6097433850272864	13.030247305748253	22163305.90562984	4695.201786643913	3671.4084427453895	1.1225520000000002	16.412924	0.06885674	0.037831800000000006	-0.054346483499999994	0.12468762369999999	0.0478461674	-0.1056810648	0.0199695221	-0.0378194373	0.06858638	0.0321232999	-0.0164100099	0.055963671900000005	0.053716107400000004	-0.0893412334	-0.0630229346	-0.1184055693	-0.0989604749	-0.056837590300000004	0.1410606814	0.0632214838	0.0118572607	0.015983231299999998	-0.08648565890000001	0.043487943200000004	-0.1109424948	-0.01164394	-0.038391406	0.11897809640000001	0.1324957394	0.0790250563	-0.0460625179	-0.0650290833	-0.041796533	-0.0041635662	-0.0892746264	-0.058208360099999995	-0.039663343399999995	-0.02344335	-0.0687970961	-0.0507679812	-0.0473922262	0.0684740754	0.0253533131	-0.0004983489	-0.024999786	-0.0584138721	0.007542300799999999	0.0519494368	0.044779563200000004	-0.045952565599999995	0.0012611917999999999	-0.12227468970000001	-0.0085982983	-0.0771776713	-0.059746050099999996	0.12522802130000002	-0.0133233523	-0.0232163344	-0.0771427304	-0.1104014307	0.051182199500000004	-0.0469130366	0.1332428698	0.0573871846	-0.11652198400000001	4.97565e-05	0.0283837543	-0.0079505254	0.047170064299999995	-0.076821896	0.0226578329	-0.0234225565	-0.0371513731	-0.1018031171	-0.05779838950000001	0.045374787300000004	-0.07110357169999999	-0.1394088644	0.0945624721	-0.052726198099999996	0.0445350768	0.0012901583000000001	-0.029463986400000006	0.1190795998	-0.0058833439	-0.0071463217	0.0473161243	0.05997895230000001	0.090078193	0.009974314	0.0409101612	0.0549753184	0.19657044170000001	-0.0691794879	-0.011257347	-0.1150219739	-0.032538983199999996	0.0910415478	0.0488983759	-0.0320321582	-0.1096371125	0.01977974	0.061472356299999996	0.10681032039999999	-0.0335305932	-0.1349804636	-0.0266218044	0.043126243200000004	0.0049976408000000005	-0.0395771738	-0.0320042679	0.089516772	-0.0131719549	-0.0924667098	-0.050510586100000004	-0.0447991095	-0.1065254266	-0.0545168339	0.042033788899999994	0.0250194146	-0.013875749199999999	-0.0268714711	-0.0158401931	0.0255002395	0.0566006483	0.0715083324	0.0277650922	-0.0157565859	-0.0639590922	0.12937413050000002	0.1656558331	0.0201826129	-0.0255418	0.0053312633	-0.0056807496	-0.0008013582	0.0763015046	-0.0116891993	-0.057945245	0.1128359501	-0.0489514209	-0.015855011000000002	-0.050539239400000005	-0.08896054460000001	0.0053060038	0.0067540554	0.0117341989	0.0466846299	-0.0071984086	-0.0590161568	0.012238833999999999	-0.0118348273	0.1363489565	0.1486591971	-0.0249302182	-0.08345711780000001	-0.0994886324	0.0261959085	0.0474536912	0.0185834792	-0.09472341039999999	0.09414702289999999	-0.09318897359999999	0.0918531464	-0.0901449566	0.0	0.0	0.0	0.00788398	5.189000000000062e-05	6.215714064040001e-05	2.692572100000064e-09	0.061553099999999986	-0.009587799999999999	0.0037887841196099993	9.192590884e-05	0.130664	-0.026807	0.017073080896	0.0007186152489999999	-0.000222227	8.2502e-05	4.9384839529e-08	6.806580004000001e-09	-0.0012289000000000002	0.00010035999999999986	1.0072129599999971e-08	1.5101952100000006e-06	0.000199096	0.000465339	2.1654038492099996e-07	3.9639217216e-08	0.0	0.0
4518.213861719599	-3.6953505952751584	20414256.50023513	13.655616022000467	4805.781931454485	83.67207387360669	7001.015946310293	23095539.972694397	4705.576862392205	-2.215179067340614	4.907018300384032	22142453.607880868	4693.792130584126	3723.0181198436494	0.916579	13.401374	0.020445675000000003	0.0110671	-0.024997394	0.1032940736	0.11687892429999999	-0.0734084927	0.1297442968	0.0737616451	0.017461059299999998	0.0302773038	0.0225832407	0.0455523463	0.055265366399999995	-0.0766402472	-0.0407284821	-0.07131702849999999	-0.0112010844	-0.0412124123	-0.064246262	0.1271113479	-0.0460707489	-0.055167952199999995	-0.015361069199999999	-0.07957524349999999	0.056855369100000004	0.09962057490000001	-0.0663830117	0.08153498440000001	-0.0431630726	0.0062859266	-0.009403930999999999	-0.013365772199999999	-0.05544285349999999	0.06351504820000001	-0.0322910162	-0.0082985779	0.049828625	0.0566936177	-0.046991263	0.0132850085	-0.0039458396	0.08047696160000001	-0.0834903618	0.0751242587	-0.0383721584	-0.0374073629	-0.0460927725	0.0208454167	-0.0788392406	0.1287500955	0.053376681100000004	-0.0995327261	-0.1359912028	0.0831307354	-0.1008972661	0.0860153398	0.0647714942	0.010974322199999999	-0.0477148971	-0.0658986195	0.0338431203	-0.05876225	-0.030175721000000006	-0.0200034002	-0.0122261388	-0.0269725991	0.032904140899999997	0.0033206917	0.0692553823	0.0014357309	-0.1378155355	0.0736647123	0.0559106084	-0.0418003639	-0.0664556267	0.0728130257	-0.0566116886	0.041509722799999996	-0.06978140940000001	0.0557912863	0.0736272041	-0.10286589539999999	0.0335254735	-0.0323105447	-0.009394463399999999	0.13020423109999998	0.0448780476	0.0685487736	0.0598363163	-0.0060992586	0.0156151065	0.04393768519999999	0.1295239122	-0.0632101177	-0.0798960845	0.09400139960000001	-0.0176597187	-0.025921099399999998	0.0062721098999999995	0.0388294013	0.1419497893	0.0021325629	-0.0628644872	0.1228226633	0.0001672259	0.0299746277	-0.0714495017	0.0120238033	-0.0135352003	0.0097444843	0.0617763363	-0.007465891999999998	0.0447276225	-0.0315230421	-0.078697657	0.0885233447	-0.0726332051	0.0695526992	-0.049873767199999995	0.065204205	-0.0347433153	-0.1322444516	0.0863610995	-0.059886364000000004	0.0875602653	0.0365674579	-0.019776256399999997	-0.0065292391000000005	-0.1323903325	0.1043227886	0.0652391378	-0.0085641766	-0.0459567096	-0.0418189511	-0.0516957133	0.048624252400000005	0.1031964597	0.007589944	-0.0387609919	-0.0826182624	0.0285920192	0.0542377754	-0.0109190439	-0.0660981988	0.0576689579	0.0798081059	-0.0302844184	-0.0313121891	-0.0052006859	0.042490673	0.04660633769999999	0.1266438778	0.0389211996	-0.07049583849999999	-0.061699306900000014	0.05970145480000001	-0.07909200849999999	0.10765338529999999	0.0290862497	0.0304202711	-0.0947994005	0.09445048869999999	-0.0938699199	0.0930591182	-0.0920200721	0.0	0.0	0.0	0.007849379999999998	-3.4600000000002684e-05	6.161276638439997e-05	1.1971600000001855e-09	0.0711367	0.009583600000000005	0.005060430086890001	9.184538896000009e-05	0.129048	-0.0016160000000000065	0.016653386303999998	2.6114560000000203e-06	-0.000304729	-8.2502e-05	9.2859763441e-08	6.806580004000001e-09	-0.00122889	1.0000000000157452e-08	1.0000000000314903e-16	1.5101706321000004e-06	9.73785e-05	-0.00010171749999999997	1.0346449806249993e-08	9.482572262250002e-09	0.0	0.0
4518.9194089725515	0.7055472529527833	20420632.62478884	0.4977969261492188	4800.906985412945	-4.87494604154017	23.76509890792817	23048707.88258681	4704.581991820091	-0.9948705721135412	0.9897674552575246	22133091.7177579	4694.845749455406	3765.205541042807	1.071848	15.671584	0.058058724999999985	0.0321617	0.0249533023	-0.0127167864	0.059413539	0.013718836399999998	0.0256098435	-0.1337317036	0.0315969745	0.0430122555	-0.0130717072	0.0347279552	-0.0092220236	-0.0071070564	-0.0286163082	-0.005193037100000001	-0.011287393	0.022134998700000002	0.0058964053	0.17330409649999998	-0.07266357679999999	0.015961406100000002	0.0499603872	-0.0131355721	-0.057139385099999995	0.125800251	-0.19877922550000002	-0.0176459811	0.0536182674	-0.07819385549999999	-0.058044907300000004	0.0011469473	-0.0246514194	0.0380226404	0.0300202141	0.0968352367	-0.08684886369999999	0.1079630709	0.033108619900000004	0.06353881089999999	0.1227361192	-0.035352836299999996	-0.0077481142000000005	-0.1202693151	0.0636470767	0.0427729358	-0.0689496528	0.0416277808	-0.1211290864	-0.0446282814	0.0020785686	-0.0834557028	0.1126390532	-0.1064382733	0.0661861576	-0.0200293242	-0.0172802802	0.0079938737	0.0540528312	-0.026395238199999997	0.0919272702	0.0683923206	-0.04713586769999999	-0.09625051400000001	-0.0285384579	0.0037637998	0.21731071	-0.049020024599999996	-0.11983815589999999	0.0144159851	0.06521521179999999	-0.06591236660000001	-0.00034897199999999996	0.0604889019	-0.1112908105	-0.173827498	0.013065025800000001	-0.0176476341	0.0198561095	-0.0181370972	-0.0501505229	-0.093192741	-0.0009588046	-0.055631683200000004	0.0223905119	0.0013627532999999999	0.0392333542	-0.0043055721	-0.00934636	-0.007531006999999998	0.0480436035	0.0556933962	0.0545456862	-0.0808935126	-0.1214675836	0.0336373958	-0.0144630697	-0.0052043603	-0.1417811004	0.0140127079	0.0314308663	-0.0522266246	-0.1432380046	0.12246618880000001	-0.0042505559	-0.0803281349	0.0278807597	0.051695207300000004	-0.027491697000000002	0.013593012199999999	-0.0041994373	0.0494874271	0.0093702345	0.09499871060000001	0.0195384977	0.1272243396	0.060715478600000004	-0.0902423222	0.0098973653	-0.0119166458	0.12439610400000001	0.056414690199999985	0.08424287609999999	-0.012684303999999999	-0.1565449879	-0.0498157761	-0.043481438399999996	-0.059407520400000004	0.09560191789999999	0.0221192231	0.11411335660000001	-0.1151710186	-0.1184620422	-0.0743503892	0.0483789654	-0.0094580931	-0.0674864176	0.0891154495	0.0012362077	-0.0706382372	-0.1598414363	-0.005164826	-0.0189499226	0.06090948650000001	0.06855962360000001	-0.2168657028	-0.0015977874	0.0051349545	0.0808598622	0.0832060716	0.0792065355	-0.1222907683	0.061236287699999996	-0.0848875741	0.0628013242	-0.0150505013	0.0756325283	-0.014193533400000001	0.001948824	-0.06956727559999999	-0.0948564063	0.0946783009	-0.0943817063	0.09396699359999999	-0.0934346818	0.0	0.0	0.0	0.007885289999999998	3.591000000000011e-05	6.217779838409997e-05	1.289528100000008e-09	0.048932300000000005	-0.022204399999999992	0.002394369983290001	0.0004930353793599996	0.138015	0.008967000000000003	0.019048140225	8.040708900000006e-05	-0.000476242	-0.00017151299999999998	2.26806442564e-07	2.9416709168999995e-08	-0.00155528	-0.00032639	1.0653043209999998e-07	2.4188958784e-06	5.82532e-05	-3.912530000000001e-05	1.5307891000900007e-09	3.3934353102399996e-09	0.0	0.0
4519.940502673111	1.0210937005595042	20429862.14770485	1.0426323453223023	4782.895184777	-18.011800635944386	324.4249621490065	22876086.34856301	4701.907431210606	-2.6745606094855248	7.153274453811583	22107933.49167352	4692.181992254012	3775.696797431928	0.916997	13.407495999999998	0.04900612999999999	0.0251721	0.051622206	-0.013797901100000001	0.0627493658	-0.0508455871	0.0080356409	-0.0216283776	-0.0024358607	-0.0069002986	0.061717268	-0.0395413343	-0.043530564400000006	0.1066975266	-0.054209703899999996	0.0016809322	0.1105672036	-0.044696541799999996	0.0771547522	0.1222388794	0.0836462596	-0.0915766069	0.0091470535	0.0837864099	0.0598733669	0.1034109459	0.0110316135	-0.0786148508	-0.0337116162	0.1019365277	0.0043830763	0.04256969360000002	0.041464697200000004	-0.0128758181	-0.0554337762	0.041169223399999996	0.1879953503	-0.0524138385	0.024972180400000002	-0.0362798203	0.037309693399999996	0.0556149557	0.1156068233	-0.06671986690000001	0.0298721934	0.1706997931	0.010755616599999998	0.049477529900000004	0.1751632959	0.022151235099999996	0.0034989738	-0.032332874500000004	-0.08827804310000001	0.0189789438	-0.022999634100000003	0.10265777289999999	0.0358104882	-0.0681863897	-0.041240096600000005	-0.035396521	-0.0003524475	0.11201361259999999	0.0333438505	-0.1003809616	-0.060511577000000004	-0.066001849	0.0727765583	-0.0700164954	-0.20900204309999998	0.0032689505	0.0820808449	0.11972875289999999	-0.050488812599999995	-0.1311195241	0.0109779614	-0.0541004076	0.009323583100000001	0.018599485500000002	0.02559909	0.015899741000000002	-0.0319771119	-0.037381112200000004	0.0190115377	-0.0881466194	-0.076022758	0.0123366551	-0.03044626	-0.0419710659	-0.0705504062	-0.0205783066	-0.051258934000000006	-0.11097704970000001	0.09559527710000001	-0.030753338199999997	-0.1837406543	-0.0807145694	0.0812223666	-0.108904705	0.068148245	-0.0453507495	0.050672992	-0.004282485900000001	0.0211261779	0.003982578400000001	-0.1430640555	0.056832878899999995	0.040356473999999996	-0.030592828199999998	-0.0053738893	-0.067540781	-0.0429717034	-0.09248031570000001	0.1794570455	-0.016117224	0.0187343432	-0.1141066551	0.0858371434	-0.0227901917	-0.032167913199999995	0.1243113592	-0.0068342624	0.0100390826	-0.1338668165	0.0049262989	0.0759712553	0.060521125599999996	-0.0102549497	0.1477216754	0.0065568582	0.0472521538	0.16839580510000002	-0.0778938766	0.028809742000000006	-0.1048705434	0.050561155999999996	-0.0323261835	-0.034602461800000005	0.08376203410000001	0.021020001200000003	-0.0010774176	0.0065379501	-0.08162086730000001	0.0172027441	0.09537128130000001	0.1409958825	-0.017494099699999998	-0.05072861360000002	0.0007749959	-0.014768581299999996	0.0350654223	-0.0942859492	-0.0059167123	0.0746247024	-0.10319214199999999	0.022648576400000002	-0.0473549088	0.1235072026	0.0151057864	-0.0169013137	-0.1130649992	-0.0948944166	0.09483027720000001	-0.09472341039999999	0.09457386429999999	-0.0943817063	0.0	0.0	0.0	0.00780047	-8.481999999999759e-05	6.08473322209e-05	7.194432399999595e-09	0.0395902	-0.009342100000000006	0.0015673839360399997	8.727483241000009e-05	0.138002	-1.3000000000013001e-05	0.019044552004	1.6900000000033802e-10	-0.000189815	0.000286427	3.6029734225e-08	8.204042632900001e-08	-0.0012289000000000002	0.0003263799999999998	1.0652390439999988e-07	1.5101952100000006e-06	-0.00012026400000000005	-0.00017851720000000007	3.1868390695840024e-08	1.4463429696000013e-08	0.0	0.0
4527.365801739208	7.425299066097067	20497041.102757704	55.13506622098199	4802.226970802654	19.33178602565385	373.71795094166566	23061383.879104435	4701.152939001393	-0.7544922092129127	0.5692584937629817	22100838.955881435	4692.2499008784525	3774.410656217376	0.84362	12.334646	0.059009945000000015	0.0302275	0.0676254132	0.017070384299999998	0.025472368999999998	0.0019168329000000001	-0.0457939634	-0.0780259217	-0.1163438008	-0.0072004701	0.0213300404	-0.0672887881	-0.10647365269999999	0.018922902	-0.0843831491	-0.1496901257	-0.0128209973	-0.049264176900000005	0.10500770279999999	0.059613075	0.1656156633	-0.0360858323	0.0168117833	-0.0897439951	0.0184416218	0.0060619176	-0.0422901764	-0.06358842469999999	-0.08133902030000001	0.027292696800000002	-0.007356513199999999	0.0646206375	0.05706106480000001	0.041429907	0.1691998783	-0.0736219246	0.0765854166	0.029498440600000002	0.0769716394	0.027262614700000003	-0.0733831004	-0.013669768700000001	-0.07803317900000001	-0.0770636339	0.054861766900000004	0.0297980988	0.12221051779999999	0.0216314412	0.0861937644	-0.08119941879999999	-0.0585126282	0.0185066818	-0.0003078463	0.1041995289	-0.040789915499999996	-0.0414000155	0.0566521329	0.0153830398	0.0764528927	-0.035215304100000004	-0.0509146999	0.08453982439999999	-0.062170906399999996	0.0085759654	0.0217140233	0.0130552424	0.08807870710000001	-0.0488877108	0.0287347558	-0.0113633864	0.038628544300000005	0.1068434829	0.011492856999999999	0.0584128213	0.097451921	-0.0118403394	0.0613158256	0.0209671377	-0.0661784293	-0.012211977800000001	-0.07370510549999999	-0.014709806399999999	0.050375200499999995	0.0548262992	-0.0423923453	-0.071060717	-0.069293272	-0.09344098220000001	-0.031909732999999996	-0.0098421697	0.0677785796	0.0387982646	0.1889231672	0.109977111	-0.065090651	-0.1360887765	0.0553299167	-0.0033411497999999997	-0.0434052672	0.0049986125	0.0460865018	0.0531934887	-0.0065927984	0.011153581599999999	-0.009513421800000001	0.0696465611	0.0032180802000000004	0.009745439	0.08777572630000001	0.0314820873	0.0929446833	-0.12136113300000001	0.0576249596	0.0208967943	0.013520576000000001	-0.019949328500000002	0.0800415232	0.085588485	0.121358825	-0.0527662584	-0.0348986257	0.09248797240000001	-0.086430273	0.1362759595	-0.031909604	0.0157550722	0.0732306676	0.0374731021	-0.0166070767	0.012721139499999999	-0.0851064772	0.0178842298	0.0012905374000000002	-0.0318031664	-0.0009214171	0.0696436119	-0.0683454166	0.0211622411	-0.0649991288	-0.045607953300000004	0.041301812400000006	0.0044641986	0.0786605517	-0.0053359724	0.0016282196	-0.10376896710000001	-0.0792705824	-0.0019399232000000001	-0.011314386000000001	0.071976362	-0.11470241310000001	-0.026274629900000002	-0.1092637914	0.0010724005	-0.018864405	-0.016181659299999998	0.0441846954	0.0016757693	0.0977620374	0.0226944474	-0.09491342359999999	0.0949062958	-0.0948944166	0.0948777865	-0.0948564063	0.0	0.0	0.0	0.0112791	0.00347863	0.00012721809681	1.21008666769e-05	0.0525267	0.012936499999999995	0.0027590542128899994	0.00016735303224999992	0.13301	-0.004991999999999997	0.017691660099999996	2.4920063999999966e-05	5.72073e-05	0.0002470223	3.27267517329e-09	6.102001669729001e-08	-0.00161367	-0.00038476999999999983	1.4804795289999984e-07	2.6039308689e-06	-1.3234899999999996e-23	0.00012026400000000005	1.4463429696000013e-08	1.751625780099999e-46	0.0	0.0
